1,254,507,760,1013,1266,1519,1772,2025,2278,2531,2784,3037,3290,3543,3796,4049,4302,4555,4808,5061,5314,5567,5820,6073,6326,6579,6832,7085,7338,7591,7844,8097,8350,8603,8856,9109,9362,9615,9868,10121,10374,10627,10880,11133,11386,11639,11892,12145,12398,12651,12904,13157,13410,13663,13916,14169,14422,14675,14928,15181,15434,15687,15940,16193,16446,16699,16952,17205,17458,17711,17964,18217,18470,18723,18976,19229,19482,19735,19988,20241,20494,20747,21000,21253,21506,21759,22012,22265,22518,22771,23024,23277,23530,23783,24036,24289,24542,24795,25048,25301,25554,25807,26060,26313,26566,26819,27072,27325,27578,27831,28084,28337,28590,28843,29096,29349,29602,29855,30108,30361,30614,30867,31120,31373,31626,31879,-31877,-31624,-31371,-31118,-30865,-30612,-30359,-30106,-29853,-29600,-29347,-29094,-28841,-28588,-28335,-28082,-27829,-27576,-27323,-27070,-26817,-26564,-26311,-26058,-25805,-25552,-25299,-25046,-24793,-24540,-24287,-24034,-23781,-23528,-23275,-23022,-22769,-22516,-22263,-22010,-21757,-21504,-21251,-20998,-20745,-20492,-20239,-19986,-19733,-19480,-19227,-18974,-18721,-18468,-18215,-17962,-17709,-17456,-17203,-16950,-16697,-16444,-16191,-15938,-15685,-15432,-15179,-14926,-14673,-14420,-14167,-13914,-13661,-13408,-13155,-12902,-12649,-12396,-12143,-11890,-11637,-11384,-11131,-10878,-10625,-10372,-10119,-9866,-9613,-9360,-9107,-8854,-8601,-8348,-8095,-7842,-7589,-7336,-7083,-6830,-6577,-6324,-6071,-5818,-5565,-5312,-5059,-4806,-4553,-4300,-4047,-3794,-3541,-3288,-3035,-2782,-2529,-2276,-2023,-1770,-1517,-1264,-1011,-758,-505,-253,-252
2,255,508,761,1014,1267,1520,1773,2026,2279,2532,2785,3038,3291,3544,3797,4050,4303,4556,4809,5062,5315,5568,5821,6074,6327,6580,6833,7086,7339,7592,7845,8098,8351,8604,8857,9110,9363,9616,9869,10122,10375,10628,10881,11134,11387,11640,11893,12146,12399,12652,12905,13158,13411,13664,13917,14170,14423,14676,14929,15182,15435,15688,15941,16194,16447,16700,16953,17206,17459,17712,17965,18218,18471,18724,18977,19230,19483,19736,19989,20242,20495,20748,21001,21254,21507,21760,22013,22266,22519,22772,23025,23278,23531,23784,24037,24290,24543,24796,25049,25302,25555,25808,26061,26314,26567,26820,27073,27326,27579,27832,28085,28338,28591,28844,29097,29350,29603,29856,30109,30362,30615,30868,31121,31374,31627,31880,-31876,-31623,-31370,-31117,-30864,-30611,-30358,-30105,-29852,-29599,-29346,-29093,-28840,-28587,-28334,-28081,-27828,-27575,-27322,-27069,-26816,-26563,-26310,-26057,-25804,-25551,-25298,-25045,-24792,-24539,-24286,-24033,-23780,-23527,-23274,-23021,-22768,-22515,-22262,-22009,-21756,-21503,-21250,-20997,-20744,-20491,-20238,-19985,-19732,-19479,-19226,-18973,-18720,-18467,-18214,-17961,-17708,-17455,-17202,-16949,-16696,-16443,-16190,-15937,-15684,-15431,-15178,-14925,-14672,-14419,-14166,-13913,-13660,-13407,-13154,-12901,-12648,-12395,-12142,-11889,-11636,-11383,-11130,-10877,-10624,-10371,-10118,-9865,-9612,-9359,-9106,-8853,-8600,-8347,-8094,-7841,-7588,-7335,-7082,-6829,-6576,-6323,-6070,-5817,-5564,-5311,-5058,-4805,-4552,-4299,-4046,-3793,-3540,-3287,-3034,-2781,-2528,-2275,-2022,-1769,-1516,-1263,-1010,-757,-506,-504,-251
3,256,509,762,1015,1268,1521,1774,2027,2280,2533,2786,3039,3292,3545,3798,4051,4304,4557,4810,5063,5316,5569,5822,6075,6328,6581,6834,7087,7340,7593,7846,8099,8352,8605,8858,9111,9364,9617,9870,10123,10376,10629,10882,11135,11388,11641,11894,12147,12400,12653,12906,13159,13412,13665,13918,14171,14424,14677,14930,15183,15436,15689,15942,16195,16448,16701,16954,17207,17460,17713,17966,18219,18472,18725,18978,19231,19484,19737,19990,20243,20496,20749,21002,21255,21508,21761,22014,22267,22520,22773,23026,23279,23532,23785,24038,24291,24544,24797,25050,25303,25556,25809,26062,26315,26568,26821,27074,27327,27580,27833,28086,28339,28592,28845,29098,29351,29604,29857,30110,30363,30616,30869,31122,31375,31628,31881,-31875,-31622,-31369,-31116,-30863,-30610,-30357,-30104,-29851,-29598,-29345,-29092,-28839,-28586,-28333,-28080,-27827,-27574,-27321,-27068,-26815,-26562,-26309,-26056,-25803,-25550,-25297,-25044,-24791,-24538,-24285,-24032,-23779,-23526,-23273,-23020,-22767,-22514,-22261,-22008,-21755,-21502,-21249,-20996,-20743,-20490,-20237,-19984,-19731,-19478,-19225,-18972,-18719,-18466,-18213,-17960,-17707,-17454,-17201,-16948,-16695,-16442,-16189,-15936,-15683,-15430,-15177,-14924,-14671,-14418,-14165,-13912,-13659,-13406,-13153,-12900,-12647,-12394,-12141,-11888,-11635,-11382,-11129,-10876,-10623,-10370,-10117,-9864,-9611,-9358,-9105,-8852,-8599,-8346,-8093,-7840,-7587,-7334,-7081,-6828,-6575,-6322,-6069,-5816,-5563,-5310,-5057,-4804,-4551,-4298,-4045,-3792,-3539,-3286,-3033,-2780,-2527,-2274,-2021,-1768,-1515,-1262,-1009,-759,-756,-503,-250
4,257,510,763,1016,1269,1522,1775,2028,2281,2534,2787,3040,3293,3546,3799,4052,4305,4558,4811,5064,5317,5570,5823,6076,6329,6582,6835,7088,7341,7594,7847,8100,8353,8606,8859,9112,9365,9618,9871,10124,10377,10630,10883,11136,11389,11642,11895,12148,12401,12654,12907,13160,13413,13666,13919,14172,14425,14678,14931,15184,15437,15690,15943,16196,16449,16702,16955,17208,17461,17714,17967,18220,18473,18726,18979,19232,19485,19738,19991,20244,20497,20750,21003,21256,21509,21762,22015,22268,22521,22774,23027,23280,23533,23786,24039,24292,24545,24798,25051,25304,25557,25810,26063,26316,26569,26822,27075,27328,27581,27834,28087,28340,28593,28846,29099,29352,29605,29858,30111,30364,30617,30870,31123,31376,31629,31882,-31874,-31621,-31368,-31115,-30862,-30609,-30356,-30103,-29850,-29597,-29344,-29091,-28838,-28585,-28332,-28079,-27826,-27573,-27320,-27067,-26814,-26561,-26308,-26055,-25802,-25549,-25296,-25043,-24790,-24537,-24284,-24031,-23778,-23525,-23272,-23019,-22766,-22513,-22260,-22007,-21754,-21501,-21248,-20995,-20742,-20489,-20236,-19983,-19730,-19477,-19224,-18971,-18718,-18465,-18212,-17959,-17706,-17453,-17200,-16947,-16694,-16441,-16188,-15935,-15682,-15429,-15176,-14923,-14670,-14417,-14164,-13911,-13658,-13405,-13152,-12899,-12646,-12393,-12140,-11887,-11634,-11381,-11128,-10875,-10622,-10369,-10116,-9863,-9610,-9357,-9104,-8851,-8598,-8345,-8092,-7839,-7586,-7333,-7080,-6827,-6574,-6321,-6068,-5815,-5562,-5309,-5056,-4803,-4550,-4297,-4044,-3791,-3538,-3285,-3032,-2779,-2526,-2273,-2020,-1767,-1514,-1261,-1012,-1008,-755,-502,-249
5,258,511,764,1017,1270,1523,1776,2029,2282,2535,2788,3041,3294,3547,3800,4053,4306,4559,4812,5065,5318,5571,5824,6077,6330,6583,6836,7089,7342,7595,7848,8101,8354,8607,8860,9113,9366,9619,9872,10125,10378,10631,10884,11137,11390,11643,11896,12149,12402,12655,12908,13161,13414,13667,13920,14173,14426,14679,14932,15185,15438,15691,15944,16197,16450,16703,16956,17209,17462,17715,17968,18221,18474,18727,18980,19233,19486,19739,19992,20245,20498,20751,21004,21257,21510,21763,22016,22269,22522,22775,23028,23281,23534,23787,24040,24293,24546,24799,25052,25305,25558,25811,26064,26317,26570,26823,27076,27329,27582,27835,28088,28341,28594,28847,29100,29353,29606,29859,30112,30365,30618,30871,31124,31377,31630,31883,-31873,-31620,-31367,-31114,-30861,-30608,-30355,-30102,-29849,-29596,-29343,-29090,-28837,-28584,-28331,-28078,-27825,-27572,-27319,-27066,-26813,-26560,-26307,-26054,-25801,-25548,-25295,-25042,-24789,-24536,-24283,-24030,-23777,-23524,-23271,-23018,-22765,-22512,-22259,-22006,-21753,-21500,-21247,-20994,-20741,-20488,-20235,-19982,-19729,-19476,-19223,-18970,-18717,-18464,-18211,-17958,-17705,-17452,-17199,-16946,-16693,-16440,-16187,-15934,-15681,-15428,-15175,-14922,-14669,-14416,-14163,-13910,-13657,-13404,-13151,-12898,-12645,-12392,-12139,-11886,-11633,-11380,-11127,-10874,-10621,-10368,-10115,-9862,-9609,-9356,-9103,-8850,-8597,-8344,-8091,-7838,-7585,-7332,-7079,-6826,-6573,-6320,-6067,-5814,-5561,-5308,-5055,-4802,-4549,-4296,-4043,-3790,-3537,-3284,-3031,-2778,-2525,-2272,-2019,-1766,-1513,-1265,-1260,-1007,-754,-501,-248
6,259,512,765,1018,1271,1524,1777,2030,2283,2536,2789,3042,3295,3548,3801,4054,4307,4560,4813,5066,5319,5572,5825,6078,6331,6584,6837,7090,7343,7596,7849,8102,8355,8608,8861,9114,9367,9620,9873,10126,10379,10632,10885,11138,11391,11644,11897,12150,12403,12656,12909,13162,13415,13668,13921,14174,14427,14680,14933,15186,15439,15692,15945,16198,16451,16704,16957,17210,17463,17716,17969,18222,18475,18728,18981,19234,19487,19740,19993,20246,20499,20752,21005,21258,21511,21764,22017,22270,22523,22776,23029,23282,23535,23788,24041,24294,24547,24800,25053,25306,25559,25812,26065,26318,26571,26824,27077,27330,27583,27836,28089,28342,28595,28848,29101,29354,29607,29860,30113,30366,30619,30872,31125,31378,31631,31884,-31872,-31619,-31366,-31113,-30860,-30607,-30354,-30101,-29848,-29595,-29342,-29089,-28836,-28583,-28330,-28077,-27824,-27571,-27318,-27065,-26812,-26559,-26306,-26053,-25800,-25547,-25294,-25041,-24788,-24535,-24282,-24029,-23776,-23523,-23270,-23017,-22764,-22511,-22258,-22005,-21752,-21499,-21246,-20993,-20740,-20487,-20234,-19981,-19728,-19475,-19222,-18969,-18716,-18463,-18210,-17957,-17704,-17451,-17198,-16945,-16692,-16439,-16186,-15933,-15680,-15427,-15174,-14921,-14668,-14415,-14162,-13909,-13656,-13403,-13150,-12897,-12644,-12391,-12138,-11885,-11632,-11379,-11126,-10873,-10620,-10367,-10114,-9861,-9608,-9355,-9102,-8849,-8596,-8343,-8090,-7837,-7584,-7331,-7078,-6825,-6572,-6319,-6066,-5813,-5560,-5307,-5054,-4801,-4548,-4295,-4042,-3789,-3536,-3283,-3030,-2777,-2524,-2271,-2018,-1765,-1518,-1512,-1259,-1006,-753,-500,-247
7,260,513,766,1019,1272,1525,1778,2031,2284,2537,2790,3043,3296,3549,3802,4055,4308,4561,4814,5067,5320,5573,5826,6079,6332,6585,6838,7091,7344,7597,7850,8103,8356,8609,8862,9115,9368,9621,9874,10127,10380,10633,10886,11139,11392,11645,11898,12151,12404,12657,12910,13163,13416,13669,13922,14175,14428,14681,14934,15187,15440,15693,15946,16199,16452,16705,16958,17211,17464,17717,17970,18223,18476,18729,18982,19235,19488,19741,19994,20247,20500,20753,21006,21259,21512,21765,22018,22271,22524,22777,23030,23283,23536,23789,24042,24295,24548,24801,25054,25307,25560,25813,26066,26319,26572,26825,27078,27331,27584,27837,28090,28343,28596,28849,29102,29355,29608,29861,30114,30367,30620,30873,31126,31379,31632,31885,-31871,-31618,-31365,-31112,-30859,-30606,-30353,-30100,-29847,-29594,-29341,-29088,-28835,-28582,-28329,-28076,-27823,-27570,-27317,-27064,-26811,-26558,-26305,-26052,-25799,-25546,-25293,-25040,-24787,-24534,-24281,-24028,-23775,-23522,-23269,-23016,-22763,-22510,-22257,-22004,-21751,-21498,-21245,-20992,-20739,-20486,-20233,-19980,-19727,-19474,-19221,-18968,-18715,-18462,-18209,-17956,-17703,-17450,-17197,-16944,-16691,-16438,-16185,-15932,-15679,-15426,-15173,-14920,-14667,-14414,-14161,-13908,-13655,-13402,-13149,-12896,-12643,-12390,-12137,-11884,-11631,-11378,-11125,-10872,-10619,-10366,-10113,-9860,-9607,-9354,-9101,-8848,-8595,-8342,-8089,-7836,-7583,-7330,-7077,-6824,-6571,-6318,-6065,-5812,-5559,-5306,-5053,-4800,-4547,-4294,-4041,-3788,-3535,-3282,-3029,-2776,-2523,-2270,-2017,-1771,-1764,-1511,-1258,-1005,-752,-499,-246
8,261,514,767,1020,1273,1526,1779,2032,2285,2538,2791,3044,3297,3550,3803,4056,4309,4562,4815,5068,5321,5574,5827,6080,6333,6586,6839,7092,7345,7598,7851,8104,8357,8610,8863,9116,9369,9622,9875,10128,10381,10634,10887,11140,11393,11646,11899,12152,12405,12658,12911,13164,13417,13670,13923,14176,14429,14682,14935,15188,15441,15694,15947,16200,16453,16706,16959,17212,17465,17718,17971,18224,18477,18730,18983,19236,19489,19742,19995,20248,20501,20754,21007,21260,21513,21766,22019,22272,22525,22778,23031,23284,23537,23790,24043,24296,24549,24802,25055,25308,25561,25814,26067,26320,26573,26826,27079,27332,27585,27838,28091,28344,28597,28850,29103,29356,29609,29862,30115,30368,30621,30874,31127,31380,31633,31886,-31870,-31617,-31364,-31111,-30858,-30605,-30352,-30099,-29846,-29593,-29340,-29087,-28834,-28581,-28328,-28075,-27822,-27569,-27316,-27063,-26810,-26557,-26304,-26051,-25798,-25545,-25292,-25039,-24786,-24533,-24280,-24027,-23774,-23521,-23268,-23015,-22762,-22509,-22256,-22003,-21750,-21497,-21244,-20991,-20738,-20485,-20232,-19979,-19726,-19473,-19220,-18967,-18714,-18461,-18208,-17955,-17702,-17449,-17196,-16943,-16690,-16437,-16184,-15931,-15678,-15425,-15172,-14919,-14666,-14413,-14160,-13907,-13654,-13401,-13148,-12895,-12642,-12389,-12136,-11883,-11630,-11377,-11124,-10871,-10618,-10365,-10112,-9859,-9606,-9353,-9100,-8847,-8594,-8341,-8088,-7835,-7582,-7329,-7076,-6823,-6570,-6317,-6064,-5811,-5558,-5305,-5052,-4799,-4546,-4293,-4040,-3787,-3534,-3281,-3028,-2775,-2522,-2269,-2024,-2016,-1763,-1510,-1257,-1004,-751,-498,-245
9,262,515,768,1021,1274,1527,1780,2033,2286,2539,2792,3045,3298,3551,3804,4057,4310,4563,4816,5069,5322,5575,5828,6081,6334,6587,6840,7093,7346,7599,7852,8105,8358,8611,8864,9117,9370,9623,9876,10129,10382,10635,10888,11141,11394,11647,11900,12153,12406,12659,12912,13165,13418,13671,13924,14177,14430,14683,14936,15189,15442,15695,15948,16201,16454,16707,16960,17213,17466,17719,17972,18225,18478,18731,18984,19237,19490,19743,19996,20249,20502,20755,21008,21261,21514,21767,22020,22273,22526,22779,23032,23285,23538,23791,24044,24297,24550,24803,25056,25309,25562,25815,26068,26321,26574,26827,27080,27333,27586,27839,28092,28345,28598,28851,29104,29357,29610,29863,30116,30369,30622,30875,31128,31381,31634,31887,-31869,-31616,-31363,-31110,-30857,-30604,-30351,-30098,-29845,-29592,-29339,-29086,-28833,-28580,-28327,-28074,-27821,-27568,-27315,-27062,-26809,-26556,-26303,-26050,-25797,-25544,-25291,-25038,-24785,-24532,-24279,-24026,-23773,-23520,-23267,-23014,-22761,-22508,-22255,-22002,-21749,-21496,-21243,-20990,-20737,-20484,-20231,-19978,-19725,-19472,-19219,-18966,-18713,-18460,-18207,-17954,-17701,-17448,-17195,-16942,-16689,-16436,-16183,-15930,-15677,-15424,-15171,-14918,-14665,-14412,-14159,-13906,-13653,-13400,-13147,-12894,-12641,-12388,-12135,-11882,-11629,-11376,-11123,-10870,-10617,-10364,-10111,-9858,-9605,-9352,-9099,-8846,-8593,-8340,-8087,-7834,-7581,-7328,-7075,-6822,-6569,-6316,-6063,-5810,-5557,-5304,-5051,-4798,-4545,-4292,-4039,-3786,-3533,-3280,-3027,-2774,-2521,-2277,-2268,-2015,-1762,-1509,-1256,-1003,-750,-497,-244
10,263,516,769,1022,1275,1528,1781,2034,2287,2540,2793,3046,3299,3552,3805,4058,4311,4564,4817,5070,5323,5576,5829,6082,6335,6588,6841,7094,7347,7600,7853,8106,8359,8612,8865,9118,9371,9624,9877,10130,10383,10636,10889,11142,11395,11648,11901,12154,12407,12660,12913,13166,13419,13672,13925,14178,14431,14684,14937,15190,15443,15696,15949,16202,16455,16708,16961,17214,17467,17720,17973,18226,18479,18732,18985,19238,19491,19744,19997,20250,20503,20756,21009,21262,21515,21768,22021,22274,22527,22780,23033,23286,23539,23792,24045,24298,24551,24804,25057,25310,25563,25816,26069,26322,26575,26828,27081,27334,27587,27840,28093,28346,28599,28852,29105,29358,29611,29864,30117,30370,30623,30876,31129,31382,31635,31888,-31868,-31615,-31362,-31109,-30856,-30603,-30350,-30097,-29844,-29591,-29338,-29085,-28832,-28579,-28326,-28073,-27820,-27567,-27314,-27061,-26808,-26555,-26302,-26049,-25796,-25543,-25290,-25037,-24784,-24531,-24278,-24025,-23772,-23519,-23266,-23013,-22760,-22507,-22254,-22001,-21748,-21495,-21242,-20989,-20736,-20483,-20230,-19977,-19724,-19471,-19218,-18965,-18712,-18459,-18206,-17953,-17700,-17447,-17194,-16941,-16688,-16435,-16182,-15929,-15676,-15423,-15170,-14917,-14664,-14411,-14158,-13905,-13652,-13399,-13146,-12893,-12640,-12387,-12134,-11881,-11628,-11375,-11122,-10869,-10616,-10363,-10110,-9857,-9604,-9351,-9098,-8845,-8592,-8339,-8086,-7833,-7580,-7327,-7074,-6821,-6568,-6315,-6062,-5809,-5556,-5303,-5050,-4797,-4544,-4291,-4038,-3785,-3532,-3279,-3026,-2773,-2530,-2520,-2267,-2014,-1761,-1508,-1255,-1002,-749,-496,-243
11,264,517,770,1023,1276,1529,1782,2035,2288,2541,2794,3047,3300,3553,3806,4059,4312,4565,4818,5071,5324,5577,5830,6083,6336,6589,6842,7095,7348,7601,7854,8107,8360,8613,8866,9119,9372,9625,9878,10131,10384,10637,10890,11143,11396,11649,11902,12155,12408,12661,12914,13167,13420,13673,13926,14179,14432,14685,14938,15191,15444,15697,15950,16203,16456,16709,16962,17215,17468,17721,17974,18227,18480,18733,18986,19239,19492,19745,19998,20251,20504,20757,21010,21263,21516,21769,22022,22275,22528,22781,23034,23287,23540,23793,24046,24299,24552,24805,25058,25311,25564,25817,26070,26323,26576,26829,27082,27335,27588,27841,28094,28347,28600,28853,29106,29359,29612,29865,30118,30371,30624,30877,31130,31383,31636,31889,-31867,-31614,-31361,-31108,-30855,-30602,-30349,-30096,-29843,-29590,-29337,-29084,-28831,-28578,-28325,-28072,-27819,-27566,-27313,-27060,-26807,-26554,-26301,-26048,-25795,-25542,-25289,-25036,-24783,-24530,-24277,-24024,-23771,-23518,-23265,-23012,-22759,-22506,-22253,-22000,-21747,-21494,-21241,-20988,-20735,-20482,-20229,-19976,-19723,-19470,-19217,-18964,-18711,-18458,-18205,-17952,-17699,-17446,-17193,-16940,-16687,-16434,-16181,-15928,-15675,-15422,-15169,-14916,-14663,-14410,-14157,-13904,-13651,-13398,-13145,-12892,-12639,-12386,-12133,-11880,-11627,-11374,-11121,-10868,-10615,-10362,-10109,-9856,-9603,-9350,-9097,-8844,-8591,-8338,-8085,-7832,-7579,-7326,-7073,-6820,-6567,-6314,-6061,-5808,-5555,-5302,-5049,-4796,-4543,-4290,-4037,-3784,-3531,-3278,-3025,-2783,-2772,-2519,-2266,-2013,-1760,-1507,-1254,-1001,-748,-495,-242
12,265,518,771,1024,1277,1530,1783,2036,2289,2542,2795,3048,3301,3554,3807,4060,4313,4566,4819,5072,5325,5578,5831,6084,6337,6590,6843,7096,7349,7602,7855,8108,8361,8614,8867,9120,9373,9626,9879,10132,10385,10638,10891,11144,11397,11650,11903,12156,12409,12662,12915,13168,13421,13674,13927,14180,14433,14686,14939,15192,15445,15698,15951,16204,16457,16710,16963,17216,17469,17722,17975,18228,18481,18734,18987,19240,19493,19746,19999,20252,20505,20758,21011,21264,21517,21770,22023,22276,22529,22782,23035,23288,23541,23794,24047,24300,24553,24806,25059,25312,25565,25818,26071,26324,26577,26830,27083,27336,27589,27842,28095,28348,28601,28854,29107,29360,29613,29866,30119,30372,30625,30878,31131,31384,31637,31890,-31866,-31613,-31360,-31107,-30854,-30601,-30348,-30095,-29842,-29589,-29336,-29083,-28830,-28577,-28324,-28071,-27818,-27565,-27312,-27059,-26806,-26553,-26300,-26047,-25794,-25541,-25288,-25035,-24782,-24529,-24276,-24023,-23770,-23517,-23264,-23011,-22758,-22505,-22252,-21999,-21746,-21493,-21240,-20987,-20734,-20481,-20228,-19975,-19722,-19469,-19216,-18963,-18710,-18457,-18204,-17951,-17698,-17445,-17192,-16939,-16686,-16433,-16180,-15927,-15674,-15421,-15168,-14915,-14662,-14409,-14156,-13903,-13650,-13397,-13144,-12891,-12638,-12385,-12132,-11879,-11626,-11373,-11120,-10867,-10614,-10361,-10108,-9855,-9602,-9349,-9096,-8843,-8590,-8337,-8084,-7831,-7578,-7325,-7072,-6819,-6566,-6313,-6060,-5807,-5554,-5301,-5048,-4795,-4542,-4289,-4036,-3783,-3530,-3277,-3036,-3024,-2771,-2518,-2265,-2012,-1759,-1506,-1253,-1000,-747,-494,-241
13,266,519,772,1025,1278,1531,1784,2037,2290,2543,2796,3049,3302,3555,3808,4061,4314,4567,4820,5073,5326,5579,5832,6085,6338,6591,6844,7097,7350,7603,7856,8109,8362,8615,8868,9121,9374,9627,9880,10133,10386,10639,10892,11145,11398,11651,11904,12157,12410,12663,12916,13169,13422,13675,13928,14181,14434,14687,14940,15193,15446,15699,15952,16205,16458,16711,16964,17217,17470,17723,17976,18229,18482,18735,18988,19241,19494,19747,20000,20253,20506,20759,21012,21265,21518,21771,22024,22277,22530,22783,23036,23289,23542,23795,24048,24301,24554,24807,25060,25313,25566,25819,26072,26325,26578,26831,27084,27337,27590,27843,28096,28349,28602,28855,29108,29361,29614,29867,30120,30373,30626,30879,31132,31385,31638,31891,-31865,-31612,-31359,-31106,-30853,-30600,-30347,-30094,-29841,-29588,-29335,-29082,-28829,-28576,-28323,-28070,-27817,-27564,-27311,-27058,-26805,-26552,-26299,-26046,-25793,-25540,-25287,-25034,-24781,-24528,-24275,-24022,-23769,-23516,-23263,-23010,-22757,-22504,-22251,-21998,-21745,-21492,-21239,-20986,-20733,-20480,-20227,-19974,-19721,-19468,-19215,-18962,-18709,-18456,-18203,-17950,-17697,-17444,-17191,-16938,-16685,-16432,-16179,-15926,-15673,-15420,-15167,-14914,-14661,-14408,-14155,-13902,-13649,-13396,-13143,-12890,-12637,-12384,-12131,-11878,-11625,-11372,-11119,-10866,-10613,-10360,-10107,-9854,-9601,-9348,-9095,-8842,-8589,-8336,-8083,-7830,-7577,-7324,-7071,-6818,-6565,-6312,-6059,-5806,-5553,-5300,-5047,-4794,-4541,-4288,-4035,-3782,-3529,-3289,-3276,-3023,-2770,-2517,-2264,-2011,-1758,-1505,-1252,-999,-746,-493,-240
14,267,520,773,1026,1279,1532,1785,2038,2291,2544,2797,3050,3303,3556,3809,4062,4315,4568,4821,5074,5327,5580,5833,6086,6339,6592,6845,7098,7351,7604,7857,8110,8363,8616,8869,9122,9375,9628,9881,10134,10387,10640,10893,11146,11399,11652,11905,12158,12411,12664,12917,13170,13423,13676,13929,14182,14435,14688,14941,15194,15447,15700,15953,16206,16459,16712,16965,17218,17471,17724,17977,18230,18483,18736,18989,19242,19495,19748,20001,20254,20507,20760,21013,21266,21519,21772,22025,22278,22531,22784,23037,23290,23543,23796,24049,24302,24555,24808,25061,25314,25567,25820,26073,26326,26579,26832,27085,27338,27591,27844,28097,28350,28603,28856,29109,29362,29615,29868,30121,30374,30627,30880,31133,31386,31639,31892,-31864,-31611,-31358,-31105,-30852,-30599,-30346,-30093,-29840,-29587,-29334,-29081,-28828,-28575,-28322,-28069,-27816,-27563,-27310,-27057,-26804,-26551,-26298,-26045,-25792,-25539,-25286,-25033,-24780,-24527,-24274,-24021,-23768,-23515,-23262,-23009,-22756,-22503,-22250,-21997,-21744,-21491,-21238,-20985,-20732,-20479,-20226,-19973,-19720,-19467,-19214,-18961,-18708,-18455,-18202,-17949,-17696,-17443,-17190,-16937,-16684,-16431,-16178,-15925,-15672,-15419,-15166,-14913,-14660,-14407,-14154,-13901,-13648,-13395,-13142,-12889,-12636,-12383,-12130,-11877,-11624,-11371,-11118,-10865,-10612,-10359,-10106,-9853,-9600,-9347,-9094,-8841,-8588,-8335,-8082,-7829,-7576,-7323,-7070,-6817,-6564,-6311,-6058,-5805,-5552,-5299,-5046,-4793,-4540,-4287,-4034,-3781,-3542,-3528,-3275,-3022,-2769,-2516,-2263,-2010,-1757,-1504,-1251,-998,-745,-492,-239
15,268,521,774,1027,1280,1533,1786,2039,2292,2545,2798,3051,3304,3557,3810,4063,4316,4569,4822,5075,5328,5581,5834,6087,6340,6593,6846,7099,7352,7605,7858,8111,8364,8617,8870,9123,9376,9629,9882,10135,10388,10641,10894,11147,11400,11653,11906,12159,12412,12665,12918,13171,13424,13677,13930,14183,14436,14689,14942,15195,15448,15701,15954,16207,16460,16713,16966,17219,17472,17725,17978,18231,18484,18737,18990,19243,19496,19749,20002,20255,20508,20761,21014,21267,21520,21773,22026,22279,22532,22785,23038,23291,23544,23797,24050,24303,24556,24809,25062,25315,25568,25821,26074,26327,26580,26833,27086,27339,27592,27845,28098,28351,28604,28857,29110,29363,29616,29869,30122,30375,30628,30881,31134,31387,31640,31893,-31863,-31610,-31357,-31104,-30851,-30598,-30345,-30092,-29839,-29586,-29333,-29080,-28827,-28574,-28321,-28068,-27815,-27562,-27309,-27056,-26803,-26550,-26297,-26044,-25791,-25538,-25285,-25032,-24779,-24526,-24273,-24020,-23767,-23514,-23261,-23008,-22755,-22502,-22249,-21996,-21743,-21490,-21237,-20984,-20731,-20478,-20225,-19972,-19719,-19466,-19213,-18960,-18707,-18454,-18201,-17948,-17695,-17442,-17189,-16936,-16683,-16430,-16177,-15924,-15671,-15418,-15165,-14912,-14659,-14406,-14153,-13900,-13647,-13394,-13141,-12888,-12635,-12382,-12129,-11876,-11623,-11370,-11117,-10864,-10611,-10358,-10105,-9852,-9599,-9346,-9093,-8840,-8587,-8334,-8081,-7828,-7575,-7322,-7069,-6816,-6563,-6310,-6057,-5804,-5551,-5298,-5045,-4792,-4539,-4286,-4033,-3795,-3780,-3527,-3274,-3021,-2768,-2515,-2262,-2009,-1756,-1503,-1250,-997,-744,-491,-238
16,269,522,775,1028,1281,1534,1787,2040,2293,2546,2799,3052,3305,3558,3811,4064,4317,4570,4823,5076,5329,5582,5835,6088,6341,6594,6847,7100,7353,7606,7859,8112,8365,8618,8871,9124,9377,9630,9883,10136,10389,10642,10895,11148,11401,11654,11907,12160,12413,12666,12919,13172,13425,13678,13931,14184,14437,14690,14943,15196,15449,15702,15955,16208,16461,16714,16967,17220,17473,17726,17979,18232,18485,18738,18991,19244,19497,19750,20003,20256,20509,20762,21015,21268,21521,21774,22027,22280,22533,22786,23039,23292,23545,23798,24051,24304,24557,24810,25063,25316,25569,25822,26075,26328,26581,26834,27087,27340,27593,27846,28099,28352,28605,28858,29111,29364,29617,29870,30123,30376,30629,30882,31135,31388,31641,31894,-31862,-31609,-31356,-31103,-30850,-30597,-30344,-30091,-29838,-29585,-29332,-29079,-28826,-28573,-28320,-28067,-27814,-27561,-27308,-27055,-26802,-26549,-26296,-26043,-25790,-25537,-25284,-25031,-24778,-24525,-24272,-24019,-23766,-23513,-23260,-23007,-22754,-22501,-22248,-21995,-21742,-21489,-21236,-20983,-20730,-20477,-20224,-19971,-19718,-19465,-19212,-18959,-18706,-18453,-18200,-17947,-17694,-17441,-17188,-16935,-16682,-16429,-16176,-15923,-15670,-15417,-15164,-14911,-14658,-14405,-14152,-13899,-13646,-13393,-13140,-12887,-12634,-12381,-12128,-11875,-11622,-11369,-11116,-10863,-10610,-10357,-10104,-9851,-9598,-9345,-9092,-8839,-8586,-8333,-8080,-7827,-7574,-7321,-7068,-6815,-6562,-6309,-6056,-5803,-5550,-5297,-5044,-4791,-4538,-4285,-4048,-4032,-3779,-3526,-3273,-3020,-2767,-2514,-2261,-2008,-1755,-1502,-1249,-996,-743,-490,-237
17,270,523,776,1029,1282,1535,1788,2041,2294,2547,2800,3053,3306,3559,3812,4065,4318,4571,4824,5077,5330,5583,5836,6089,6342,6595,6848,7101,7354,7607,7860,8113,8366,8619,8872,9125,9378,9631,9884,10137,10390,10643,10896,11149,11402,11655,11908,12161,12414,12667,12920,13173,13426,13679,13932,14185,14438,14691,14944,15197,15450,15703,15956,16209,16462,16715,16968,17221,17474,17727,17980,18233,18486,18739,18992,19245,19498,19751,20004,20257,20510,20763,21016,21269,21522,21775,22028,22281,22534,22787,23040,23293,23546,23799,24052,24305,24558,24811,25064,25317,25570,25823,26076,26329,26582,26835,27088,27341,27594,27847,28100,28353,28606,28859,29112,29365,29618,29871,30124,30377,30630,30883,31136,31389,31642,31895,-31861,-31608,-31355,-31102,-30849,-30596,-30343,-30090,-29837,-29584,-29331,-29078,-28825,-28572,-28319,-28066,-27813,-27560,-27307,-27054,-26801,-26548,-26295,-26042,-25789,-25536,-25283,-25030,-24777,-24524,-24271,-24018,-23765,-23512,-23259,-23006,-22753,-22500,-22247,-21994,-21741,-21488,-21235,-20982,-20729,-20476,-20223,-19970,-19717,-19464,-19211,-18958,-18705,-18452,-18199,-17946,-17693,-17440,-17187,-16934,-16681,-16428,-16175,-15922,-15669,-15416,-15163,-14910,-14657,-14404,-14151,-13898,-13645,-13392,-13139,-12886,-12633,-12380,-12127,-11874,-11621,-11368,-11115,-10862,-10609,-10356,-10103,-9850,-9597,-9344,-9091,-8838,-8585,-8332,-8079,-7826,-7573,-7320,-7067,-6814,-6561,-6308,-6055,-5802,-5549,-5296,-5043,-4790,-4537,-4301,-4284,-4031,-3778,-3525,-3272,-3019,-2766,-2513,-2260,-2007,-1754,-1501,-1248,-995,-742,-489,-236
18,271,524,777,1030,1283,1536,1789,2042,2295,2548,2801,3054,3307,3560,3813,4066,4319,4572,4825,5078,5331,5584,5837,6090,6343,6596,6849,7102,7355,7608,7861,8114,8367,8620,8873,9126,9379,9632,9885,10138,10391,10644,10897,11150,11403,11656,11909,12162,12415,12668,12921,13174,13427,13680,13933,14186,14439,14692,14945,15198,15451,15704,15957,16210,16463,16716,16969,17222,17475,17728,17981,18234,18487,18740,18993,19246,19499,19752,20005,20258,20511,20764,21017,21270,21523,21776,22029,22282,22535,22788,23041,23294,23547,23800,24053,24306,24559,24812,25065,25318,25571,25824,26077,26330,26583,26836,27089,27342,27595,27848,28101,28354,28607,28860,29113,29366,29619,29872,30125,30378,30631,30884,31137,31390,31643,31896,-31860,-31607,-31354,-31101,-30848,-30595,-30342,-30089,-29836,-29583,-29330,-29077,-28824,-28571,-28318,-28065,-27812,-27559,-27306,-27053,-26800,-26547,-26294,-26041,-25788,-25535,-25282,-25029,-24776,-24523,-24270,-24017,-23764,-23511,-23258,-23005,-22752,-22499,-22246,-21993,-21740,-21487,-21234,-20981,-20728,-20475,-20222,-19969,-19716,-19463,-19210,-18957,-18704,-18451,-18198,-17945,-17692,-17439,-17186,-16933,-16680,-16427,-16174,-15921,-15668,-15415,-15162,-14909,-14656,-14403,-14150,-13897,-13644,-13391,-13138,-12885,-12632,-12379,-12126,-11873,-11620,-11367,-11114,-10861,-10608,-10355,-10102,-9849,-9596,-9343,-9090,-8837,-8584,-8331,-8078,-7825,-7572,-7319,-7066,-6813,-6560,-6307,-6054,-5801,-5548,-5295,-5042,-4789,-4554,-4536,-4283,-4030,-3777,-3524,-3271,-3018,-2765,-2512,-2259,-2006,-1753,-1500,-1247,-994,-741,-488,-235
19,272,525,778,1031,1284,1537,1790,2043,2296,2549,2802,3055,3308,3561,3814,4067,4320,4573,4826,5079,5332,5585,5838,6091,6344,6597,6850,7103,7356,7609,7862,8115,8368,8621,8874,9127,9380,9633,9886,10139,10392,10645,10898,11151,11404,11657,11910,12163,12416,12669,12922,13175,13428,13681,13934,14187,14440,14693,14946,15199,15452,15705,15958,16211,16464,16717,16970,17223,17476,17729,17982,18235,18488,18741,18994,19247,19500,19753,20006,20259,20512,20765,21018,21271,21524,21777,22030,22283,22536,22789,23042,23295,23548,23801,24054,24307,24560,24813,25066,25319,25572,25825,26078,26331,26584,26837,27090,27343,27596,27849,28102,28355,28608,28861,29114,29367,29620,29873,30126,30379,30632,30885,31138,31391,31644,31897,-31859,-31606,-31353,-31100,-30847,-30594,-30341,-30088,-29835,-29582,-29329,-29076,-28823,-28570,-28317,-28064,-27811,-27558,-27305,-27052,-26799,-26546,-26293,-26040,-25787,-25534,-25281,-25028,-24775,-24522,-24269,-24016,-23763,-23510,-23257,-23004,-22751,-22498,-22245,-21992,-21739,-21486,-21233,-20980,-20727,-20474,-20221,-19968,-19715,-19462,-19209,-18956,-18703,-18450,-18197,-17944,-17691,-17438,-17185,-16932,-16679,-16426,-16173,-15920,-15667,-15414,-15161,-14908,-14655,-14402,-14149,-13896,-13643,-13390,-13137,-12884,-12631,-12378,-12125,-11872,-11619,-11366,-11113,-10860,-10607,-10354,-10101,-9848,-9595,-9342,-9089,-8836,-8583,-8330,-8077,-7824,-7571,-7318,-7065,-6812,-6559,-6306,-6053,-5800,-5547,-5294,-5041,-4807,-4788,-4535,-4282,-4029,-3776,-3523,-3270,-3017,-2764,-2511,-2258,-2005,-1752,-1499,-1246,-993,-740,-487,-234
20,273,526,779,1032,1285,1538,1791,2044,2297,2550,2803,3056,3309,3562,3815,4068,4321,4574,4827,5080,5333,5586,5839,6092,6345,6598,6851,7104,7357,7610,7863,8116,8369,8622,8875,9128,9381,9634,9887,10140,10393,10646,10899,11152,11405,11658,11911,12164,12417,12670,12923,13176,13429,13682,13935,14188,14441,14694,14947,15200,15453,15706,15959,16212,16465,16718,16971,17224,17477,17730,17983,18236,18489,18742,18995,19248,19501,19754,20007,20260,20513,20766,21019,21272,21525,21778,22031,22284,22537,22790,23043,23296,23549,23802,24055,24308,24561,24814,25067,25320,25573,25826,26079,26332,26585,26838,27091,27344,27597,27850,28103,28356,28609,28862,29115,29368,29621,29874,30127,30380,30633,30886,31139,31392,31645,31898,-31858,-31605,-31352,-31099,-30846,-30593,-30340,-30087,-29834,-29581,-29328,-29075,-28822,-28569,-28316,-28063,-27810,-27557,-27304,-27051,-26798,-26545,-26292,-26039,-25786,-25533,-25280,-25027,-24774,-24521,-24268,-24015,-23762,-23509,-23256,-23003,-22750,-22497,-22244,-21991,-21738,-21485,-21232,-20979,-20726,-20473,-20220,-19967,-19714,-19461,-19208,-18955,-18702,-18449,-18196,-17943,-17690,-17437,-17184,-16931,-16678,-16425,-16172,-15919,-15666,-15413,-15160,-14907,-14654,-14401,-14148,-13895,-13642,-13389,-13136,-12883,-12630,-12377,-12124,-11871,-11618,-11365,-11112,-10859,-10606,-10353,-10100,-9847,-9594,-9341,-9088,-8835,-8582,-8329,-8076,-7823,-7570,-7317,-7064,-6811,-6558,-6305,-6052,-5799,-5546,-5293,-5060,-5040,-4787,-4534,-4281,-4028,-3775,-3522,-3269,-3016,-2763,-2510,-2257,-2004,-1751,-1498,-1245,-992,-739,-486,-233
21,274,527,780,1033,1286,1539,1792,2045,2298,2551,2804,3057,3310,3563,3816,4069,4322,4575,4828,5081,5334,5587,5840,6093,6346,6599,6852,7105,7358,7611,7864,8117,8370,8623,8876,9129,9382,9635,9888,10141,10394,10647,10900,11153,11406,11659,11912,12165,12418,12671,12924,13177,13430,13683,13936,14189,14442,14695,14948,15201,15454,15707,15960,16213,16466,16719,16972,17225,17478,17731,17984,18237,18490,18743,18996,19249,19502,19755,20008,20261,20514,20767,21020,21273,21526,21779,22032,22285,22538,22791,23044,23297,23550,23803,24056,24309,24562,24815,25068,25321,25574,25827,26080,26333,26586,26839,27092,27345,27598,27851,28104,28357,28610,28863,29116,29369,29622,29875,30128,30381,30634,30887,31140,31393,31646,31899,-31857,-31604,-31351,-31098,-30845,-30592,-30339,-30086,-29833,-29580,-29327,-29074,-28821,-28568,-28315,-28062,-27809,-27556,-27303,-27050,-26797,-26544,-26291,-26038,-25785,-25532,-25279,-25026,-24773,-24520,-24267,-24014,-23761,-23508,-23255,-23002,-22749,-22496,-22243,-21990,-21737,-21484,-21231,-20978,-20725,-20472,-20219,-19966,-19713,-19460,-19207,-18954,-18701,-18448,-18195,-17942,-17689,-17436,-17183,-16930,-16677,-16424,-16171,-15918,-15665,-15412,-15159,-14906,-14653,-14400,-14147,-13894,-13641,-13388,-13135,-12882,-12629,-12376,-12123,-11870,-11617,-11364,-11111,-10858,-10605,-10352,-10099,-9846,-9593,-9340,-9087,-8834,-8581,-8328,-8075,-7822,-7569,-7316,-7063,-6810,-6557,-6304,-6051,-5798,-5545,-5313,-5292,-5039,-4786,-4533,-4280,-4027,-3774,-3521,-3268,-3015,-2762,-2509,-2256,-2003,-1750,-1497,-1244,-991,-738,-485,-232
22,275,528,781,1034,1287,1540,1793,2046,2299,2552,2805,3058,3311,3564,3817,4070,4323,4576,4829,5082,5335,5588,5841,6094,6347,6600,6853,7106,7359,7612,7865,8118,8371,8624,8877,9130,9383,9636,9889,10142,10395,10648,10901,11154,11407,11660,11913,12166,12419,12672,12925,13178,13431,13684,13937,14190,14443,14696,14949,15202,15455,15708,15961,16214,16467,16720,16973,17226,17479,17732,17985,18238,18491,18744,18997,19250,19503,19756,20009,20262,20515,20768,21021,21274,21527,21780,22033,22286,22539,22792,23045,23298,23551,23804,24057,24310,24563,24816,25069,25322,25575,25828,26081,26334,26587,26840,27093,27346,27599,27852,28105,28358,28611,28864,29117,29370,29623,29876,30129,30382,30635,30888,31141,31394,31647,31900,-31856,-31603,-31350,-31097,-30844,-30591,-30338,-30085,-29832,-29579,-29326,-29073,-28820,-28567,-28314,-28061,-27808,-27555,-27302,-27049,-26796,-26543,-26290,-26037,-25784,-25531,-25278,-25025,-24772,-24519,-24266,-24013,-23760,-23507,-23254,-23001,-22748,-22495,-22242,-21989,-21736,-21483,-21230,-20977,-20724,-20471,-20218,-19965,-19712,-19459,-19206,-18953,-18700,-18447,-18194,-17941,-17688,-17435,-17182,-16929,-16676,-16423,-16170,-15917,-15664,-15411,-15158,-14905,-14652,-14399,-14146,-13893,-13640,-13387,-13134,-12881,-12628,-12375,-12122,-11869,-11616,-11363,-11110,-10857,-10604,-10351,-10098,-9845,-9592,-9339,-9086,-8833,-8580,-8327,-8074,-7821,-7568,-7315,-7062,-6809,-6556,-6303,-6050,-5797,-5566,-5544,-5291,-5038,-4785,-4532,-4279,-4026,-3773,-3520,-3267,-3014,-2761,-2508,-2255,-2002,-1749,-1496,-1243,-990,-737,-484,-231
23,276,529,782,1035,1288,1541,1794,2047,2300,2553,2806,3059,3312,3565,3818,4071,4324,4577,4830,5083,5336,5589,5842,6095,6348,6601,6854,7107,7360,7613,7866,8119,8372,8625,8878,9131,9384,9637,9890,10143,10396,10649,10902,11155,11408,11661,11914,12167,12420,12673,12926,13179,13432,13685,13938,14191,14444,14697,14950,15203,15456,15709,15962,16215,16468,16721,16974,17227,17480,17733,17986,18239,18492,18745,18998,19251,19504,19757,20010,20263,20516,20769,21022,21275,21528,21781,22034,22287,22540,22793,23046,23299,23552,23805,24058,24311,24564,24817,25070,25323,25576,25829,26082,26335,26588,26841,27094,27347,27600,27853,28106,28359,28612,28865,29118,29371,29624,29877,30130,30383,30636,30889,31142,31395,31648,31901,-31855,-31602,-31349,-31096,-30843,-30590,-30337,-30084,-29831,-29578,-29325,-29072,-28819,-28566,-28313,-28060,-27807,-27554,-27301,-27048,-26795,-26542,-26289,-26036,-25783,-25530,-25277,-25024,-24771,-24518,-24265,-24012,-23759,-23506,-23253,-23000,-22747,-22494,-22241,-21988,-21735,-21482,-21229,-20976,-20723,-20470,-20217,-19964,-19711,-19458,-19205,-18952,-18699,-18446,-18193,-17940,-17687,-17434,-17181,-16928,-16675,-16422,-16169,-15916,-15663,-15410,-15157,-14904,-14651,-14398,-14145,-13892,-13639,-13386,-13133,-12880,-12627,-12374,-12121,-11868,-11615,-11362,-11109,-10856,-10603,-10350,-10097,-9844,-9591,-9338,-9085,-8832,-8579,-8326,-8073,-7820,-7567,-7314,-7061,-6808,-6555,-6302,-6049,-5819,-5796,-5543,-5290,-5037,-4784,-4531,-4278,-4025,-3772,-3519,-3266,-3013,-2760,-2507,-2254,-2001,-1748,-1495,-1242,-989,-736,-483,-230
24,277,530,783,1036,1289,1542,1795,2048,2301,2554,2807,3060,3313,3566,3819,4072,4325,4578,4831,5084,5337,5590,5843,6096,6349,6602,6855,7108,7361,7614,7867,8120,8373,8626,8879,9132,9385,9638,9891,10144,10397,10650,10903,11156,11409,11662,11915,12168,12421,12674,12927,13180,13433,13686,13939,14192,14445,14698,14951,15204,15457,15710,15963,16216,16469,16722,16975,17228,17481,17734,17987,18240,18493,18746,18999,19252,19505,19758,20011,20264,20517,20770,21023,21276,21529,21782,22035,22288,22541,22794,23047,23300,23553,23806,24059,24312,24565,24818,25071,25324,25577,25830,26083,26336,26589,26842,27095,27348,27601,27854,28107,28360,28613,28866,29119,29372,29625,29878,30131,30384,30637,30890,31143,31396,31649,31902,-31854,-31601,-31348,-31095,-30842,-30589,-30336,-30083,-29830,-29577,-29324,-29071,-28818,-28565,-28312,-28059,-27806,-27553,-27300,-27047,-26794,-26541,-26288,-26035,-25782,-25529,-25276,-25023,-24770,-24517,-24264,-24011,-23758,-23505,-23252,-22999,-22746,-22493,-22240,-21987,-21734,-21481,-21228,-20975,-20722,-20469,-20216,-19963,-19710,-19457,-19204,-18951,-18698,-18445,-18192,-17939,-17686,-17433,-17180,-16927,-16674,-16421,-16168,-15915,-15662,-15409,-15156,-14903,-14650,-14397,-14144,-13891,-13638,-13385,-13132,-12879,-12626,-12373,-12120,-11867,-11614,-11361,-11108,-10855,-10602,-10349,-10096,-9843,-9590,-9337,-9084,-8831,-8578,-8325,-8072,-7819,-7566,-7313,-7060,-6807,-6554,-6301,-6072,-6048,-5795,-5542,-5289,-5036,-4783,-4530,-4277,-4024,-3771,-3518,-3265,-3012,-2759,-2506,-2253,-2000,-1747,-1494,-1241,-988,-735,-482,-229
25,278,531,784,1037,1290,1543,1796,2049,2302,2555,2808,3061,3314,3567,3820,4073,4326,4579,4832,5085,5338,5591,5844,6097,6350,6603,6856,7109,7362,7615,7868,8121,8374,8627,8880,9133,9386,9639,9892,10145,10398,10651,10904,11157,11410,11663,11916,12169,12422,12675,12928,13181,13434,13687,13940,14193,14446,14699,14952,15205,15458,15711,15964,16217,16470,16723,16976,17229,17482,17735,17988,18241,18494,18747,19000,19253,19506,19759,20012,20265,20518,20771,21024,21277,21530,21783,22036,22289,22542,22795,23048,23301,23554,23807,24060,24313,24566,24819,25072,25325,25578,25831,26084,26337,26590,26843,27096,27349,27602,27855,28108,28361,28614,28867,29120,29373,29626,29879,30132,30385,30638,30891,31144,31397,31650,31903,-31853,-31600,-31347,-31094,-30841,-30588,-30335,-30082,-29829,-29576,-29323,-29070,-28817,-28564,-28311,-28058,-27805,-27552,-27299,-27046,-26793,-26540,-26287,-26034,-25781,-25528,-25275,-25022,-24769,-24516,-24263,-24010,-23757,-23504,-23251,-22998,-22745,-22492,-22239,-21986,-21733,-21480,-21227,-20974,-20721,-20468,-20215,-19962,-19709,-19456,-19203,-18950,-18697,-18444,-18191,-17938,-17685,-17432,-17179,-16926,-16673,-16420,-16167,-15914,-15661,-15408,-15155,-14902,-14649,-14396,-14143,-13890,-13637,-13384,-13131,-12878,-12625,-12372,-12119,-11866,-11613,-11360,-11107,-10854,-10601,-10348,-10095,-9842,-9589,-9336,-9083,-8830,-8577,-8324,-8071,-7818,-7565,-7312,-7059,-6806,-6553,-6325,-6300,-6047,-5794,-5541,-5288,-5035,-4782,-4529,-4276,-4023,-3770,-3517,-3264,-3011,-2758,-2505,-2252,-1999,-1746,-1493,-1240,-987,-734,-481,-228
26,279,532,785,1038,1291,1544,1797,2050,2303,2556,2809,3062,3315,3568,3821,4074,4327,4580,4833,5086,5339,5592,5845,6098,6351,6604,6857,7110,7363,7616,7869,8122,8375,8628,8881,9134,9387,9640,9893,10146,10399,10652,10905,11158,11411,11664,11917,12170,12423,12676,12929,13182,13435,13688,13941,14194,14447,14700,14953,15206,15459,15712,15965,16218,16471,16724,16977,17230,17483,17736,17989,18242,18495,18748,19001,19254,19507,19760,20013,20266,20519,20772,21025,21278,21531,21784,22037,22290,22543,22796,23049,23302,23555,23808,24061,24314,24567,24820,25073,25326,25579,25832,26085,26338,26591,26844,27097,27350,27603,27856,28109,28362,28615,28868,29121,29374,29627,29880,30133,30386,30639,30892,31145,31398,31651,31904,-31852,-31599,-31346,-31093,-30840,-30587,-30334,-30081,-29828,-29575,-29322,-29069,-28816,-28563,-28310,-28057,-27804,-27551,-27298,-27045,-26792,-26539,-26286,-26033,-25780,-25527,-25274,-25021,-24768,-24515,-24262,-24009,-23756,-23503,-23250,-22997,-22744,-22491,-22238,-21985,-21732,-21479,-21226,-20973,-20720,-20467,-20214,-19961,-19708,-19455,-19202,-18949,-18696,-18443,-18190,-17937,-17684,-17431,-17178,-16925,-16672,-16419,-16166,-15913,-15660,-15407,-15154,-14901,-14648,-14395,-14142,-13889,-13636,-13383,-13130,-12877,-12624,-12371,-12118,-11865,-11612,-11359,-11106,-10853,-10600,-10347,-10094,-9841,-9588,-9335,-9082,-8829,-8576,-8323,-8070,-7817,-7564,-7311,-7058,-6805,-6578,-6552,-6299,-6046,-5793,-5540,-5287,-5034,-4781,-4528,-4275,-4022,-3769,-3516,-3263,-3010,-2757,-2504,-2251,-1998,-1745,-1492,-1239,-986,-733,-480,-227
27,280,533,786,1039,1292,1545,1798,2051,2304,2557,2810,3063,3316,3569,3822,4075,4328,4581,4834,5087,5340,5593,5846,6099,6352,6605,6858,7111,7364,7617,7870,8123,8376,8629,8882,9135,9388,9641,9894,10147,10400,10653,10906,11159,11412,11665,11918,12171,12424,12677,12930,13183,13436,13689,13942,14195,14448,14701,14954,15207,15460,15713,15966,16219,16472,16725,16978,17231,17484,17737,17990,18243,18496,18749,19002,19255,19508,19761,20014,20267,20520,20773,21026,21279,21532,21785,22038,22291,22544,22797,23050,23303,23556,23809,24062,24315,24568,24821,25074,25327,25580,25833,26086,26339,26592,26845,27098,27351,27604,27857,28110,28363,28616,28869,29122,29375,29628,29881,30134,30387,30640,30893,31146,31399,31652,31905,-31851,-31598,-31345,-31092,-30839,-30586,-30333,-30080,-29827,-29574,-29321,-29068,-28815,-28562,-28309,-28056,-27803,-27550,-27297,-27044,-26791,-26538,-26285,-26032,-25779,-25526,-25273,-25020,-24767,-24514,-24261,-24008,-23755,-23502,-23249,-22996,-22743,-22490,-22237,-21984,-21731,-21478,-21225,-20972,-20719,-20466,-20213,-19960,-19707,-19454,-19201,-18948,-18695,-18442,-18189,-17936,-17683,-17430,-17177,-16924,-16671,-16418,-16165,-15912,-15659,-15406,-15153,-14900,-14647,-14394,-14141,-13888,-13635,-13382,-13129,-12876,-12623,-12370,-12117,-11864,-11611,-11358,-11105,-10852,-10599,-10346,-10093,-9840,-9587,-9334,-9081,-8828,-8575,-8322,-8069,-7816,-7563,-7310,-7057,-6831,-6804,-6551,-6298,-6045,-5792,-5539,-5286,-5033,-4780,-4527,-4274,-4021,-3768,-3515,-3262,-3009,-2756,-2503,-2250,-1997,-1744,-1491,-1238,-985,-732,-479,-226
28,281,534,787,1040,1293,1546,1799,2052,2305,2558,2811,3064,3317,3570,3823,4076,4329,4582,4835,5088,5341,5594,5847,6100,6353,6606,6859,7112,7365,7618,7871,8124,8377,8630,8883,9136,9389,9642,9895,10148,10401,10654,10907,11160,11413,11666,11919,12172,12425,12678,12931,13184,13437,13690,13943,14196,14449,14702,14955,15208,15461,15714,15967,16220,16473,16726,16979,17232,17485,17738,17991,18244,18497,18750,19003,19256,19509,19762,20015,20268,20521,20774,21027,21280,21533,21786,22039,22292,22545,22798,23051,23304,23557,23810,24063,24316,24569,24822,25075,25328,25581,25834,26087,26340,26593,26846,27099,27352,27605,27858,28111,28364,28617,28870,29123,29376,29629,29882,30135,30388,30641,30894,31147,31400,31653,31906,-31850,-31597,-31344,-31091,-30838,-30585,-30332,-30079,-29826,-29573,-29320,-29067,-28814,-28561,-28308,-28055,-27802,-27549,-27296,-27043,-26790,-26537,-26284,-26031,-25778,-25525,-25272,-25019,-24766,-24513,-24260,-24007,-23754,-23501,-23248,-22995,-22742,-22489,-22236,-21983,-21730,-21477,-21224,-20971,-20718,-20465,-20212,-19959,-19706,-19453,-19200,-18947,-18694,-18441,-18188,-17935,-17682,-17429,-17176,-16923,-16670,-16417,-16164,-15911,-15658,-15405,-15152,-14899,-14646,-14393,-14140,-13887,-13634,-13381,-13128,-12875,-12622,-12369,-12116,-11863,-11610,-11357,-11104,-10851,-10598,-10345,-10092,-9839,-9586,-9333,-9080,-8827,-8574,-8321,-8068,-7815,-7562,-7309,-7084,-7056,-6803,-6550,-6297,-6044,-5791,-5538,-5285,-5032,-4779,-4526,-4273,-4020,-3767,-3514,-3261,-3008,-2755,-2502,-2249,-1996,-1743,-1490,-1237,-984,-731,-478,-225
29,282,535,788,1041,1294,1547,1800,2053,2306,2559,2812,3065,3318,3571,3824,4077,4330,4583,4836,5089,5342,5595,5848,6101,6354,6607,6860,7113,7366,7619,7872,8125,8378,8631,8884,9137,9390,9643,9896,10149,10402,10655,10908,11161,11414,11667,11920,12173,12426,12679,12932,13185,13438,13691,13944,14197,14450,14703,14956,15209,15462,15715,15968,16221,16474,16727,16980,17233,17486,17739,17992,18245,18498,18751,19004,19257,19510,19763,20016,20269,20522,20775,21028,21281,21534,21787,22040,22293,22546,22799,23052,23305,23558,23811,24064,24317,24570,24823,25076,25329,25582,25835,26088,26341,26594,26847,27100,27353,27606,27859,28112,28365,28618,28871,29124,29377,29630,29883,30136,30389,30642,30895,31148,31401,31654,31907,-31849,-31596,-31343,-31090,-30837,-30584,-30331,-30078,-29825,-29572,-29319,-29066,-28813,-28560,-28307,-28054,-27801,-27548,-27295,-27042,-26789,-26536,-26283,-26030,-25777,-25524,-25271,-25018,-24765,-24512,-24259,-24006,-23753,-23500,-23247,-22994,-22741,-22488,-22235,-21982,-21729,-21476,-21223,-20970,-20717,-20464,-20211,-19958,-19705,-19452,-19199,-18946,-18693,-18440,-18187,-17934,-17681,-17428,-17175,-16922,-16669,-16416,-16163,-15910,-15657,-15404,-15151,-14898,-14645,-14392,-14139,-13886,-13633,-13380,-13127,-12874,-12621,-12368,-12115,-11862,-11609,-11356,-11103,-10850,-10597,-10344,-10091,-9838,-9585,-9332,-9079,-8826,-8573,-8320,-8067,-7814,-7561,-7337,-7308,-7055,-6802,-6549,-6296,-6043,-5790,-5537,-5284,-5031,-4778,-4525,-4272,-4019,-3766,-3513,-3260,-3007,-2754,-2501,-2248,-1995,-1742,-1489,-1236,-983,-730,-477,-224
30,283,536,789,1042,1295,1548,1801,2054,2307,2560,2813,3066,3319,3572,3825,4078,4331,4584,4837,5090,5343,5596,5849,6102,6355,6608,6861,7114,7367,7620,7873,8126,8379,8632,8885,9138,9391,9644,9897,10150,10403,10656,10909,11162,11415,11668,11921,12174,12427,12680,12933,13186,13439,13692,13945,14198,14451,14704,14957,15210,15463,15716,15969,16222,16475,16728,16981,17234,17487,17740,17993,18246,18499,18752,19005,19258,19511,19764,20017,20270,20523,20776,21029,21282,21535,21788,22041,22294,22547,22800,23053,23306,23559,23812,24065,24318,24571,24824,25077,25330,25583,25836,26089,26342,26595,26848,27101,27354,27607,27860,28113,28366,28619,28872,29125,29378,29631,29884,30137,30390,30643,30896,31149,31402,31655,31908,-31848,-31595,-31342,-31089,-30836,-30583,-30330,-30077,-29824,-29571,-29318,-29065,-28812,-28559,-28306,-28053,-27800,-27547,-27294,-27041,-26788,-26535,-26282,-26029,-25776,-25523,-25270,-25017,-24764,-24511,-24258,-24005,-23752,-23499,-23246,-22993,-22740,-22487,-22234,-21981,-21728,-21475,-21222,-20969,-20716,-20463,-20210,-19957,-19704,-19451,-19198,-18945,-18692,-18439,-18186,-17933,-17680,-17427,-17174,-16921,-16668,-16415,-16162,-15909,-15656,-15403,-15150,-14897,-14644,-14391,-14138,-13885,-13632,-13379,-13126,-12873,-12620,-12367,-12114,-11861,-11608,-11355,-11102,-10849,-10596,-10343,-10090,-9837,-9584,-9331,-9078,-8825,-8572,-8319,-8066,-7813,-7590,-7560,-7307,-7054,-6801,-6548,-6295,-6042,-5789,-5536,-5283,-5030,-4777,-4524,-4271,-4018,-3765,-3512,-3259,-3006,-2753,-2500,-2247,-1994,-1741,-1488,-1235,-982,-729,-476,-223
31,284,537,790,1043,1296,1549,1802,2055,2308,2561,2814,3067,3320,3573,3826,4079,4332,4585,4838,5091,5344,5597,5850,6103,6356,6609,6862,7115,7368,7621,7874,8127,8380,8633,8886,9139,9392,9645,9898,10151,10404,10657,10910,11163,11416,11669,11922,12175,12428,12681,12934,13187,13440,13693,13946,14199,14452,14705,14958,15211,15464,15717,15970,16223,16476,16729,16982,17235,17488,17741,17994,18247,18500,18753,19006,19259,19512,19765,20018,20271,20524,20777,21030,21283,21536,21789,22042,22295,22548,22801,23054,23307,23560,23813,24066,24319,24572,24825,25078,25331,25584,25837,26090,26343,26596,26849,27102,27355,27608,27861,28114,28367,28620,28873,29126,29379,29632,29885,30138,30391,30644,30897,31150,31403,31656,31909,-31847,-31594,-31341,-31088,-30835,-30582,-30329,-30076,-29823,-29570,-29317,-29064,-28811,-28558,-28305,-28052,-27799,-27546,-27293,-27040,-26787,-26534,-26281,-26028,-25775,-25522,-25269,-25016,-24763,-24510,-24257,-24004,-23751,-23498,-23245,-22992,-22739,-22486,-22233,-21980,-21727,-21474,-21221,-20968,-20715,-20462,-20209,-19956,-19703,-19450,-19197,-18944,-18691,-18438,-18185,-17932,-17679,-17426,-17173,-16920,-16667,-16414,-16161,-15908,-15655,-15402,-15149,-14896,-14643,-14390,-14137,-13884,-13631,-13378,-13125,-12872,-12619,-12366,-12113,-11860,-11607,-11354,-11101,-10848,-10595,-10342,-10089,-9836,-9583,-9330,-9077,-8824,-8571,-8318,-8065,-7843,-7812,-7559,-7306,-7053,-6800,-6547,-6294,-6041,-5788,-5535,-5282,-5029,-4776,-4523,-4270,-4017,-3764,-3511,-3258,-3005,-2752,-2499,-2246,-1993,-1740,-1487,-1234,-981,-728,-475,-222
32,285,538,791,1044,1297,1550,1803,2056,2309,2562,2815,3068,3321,3574,3827,4080,4333,4586,4839,5092,5345,5598,5851,6104,6357,6610,6863,7116,7369,7622,7875,8128,8381,8634,8887,9140,9393,9646,9899,10152,10405,10658,10911,11164,11417,11670,11923,12176,12429,12682,12935,13188,13441,13694,13947,14200,14453,14706,14959,15212,15465,15718,15971,16224,16477,16730,16983,17236,17489,17742,17995,18248,18501,18754,19007,19260,19513,19766,20019,20272,20525,20778,21031,21284,21537,21790,22043,22296,22549,22802,23055,23308,23561,23814,24067,24320,24573,24826,25079,25332,25585,25838,26091,26344,26597,26850,27103,27356,27609,27862,28115,28368,28621,28874,29127,29380,29633,29886,30139,30392,30645,30898,31151,31404,31657,31910,-31846,-31593,-31340,-31087,-30834,-30581,-30328,-30075,-29822,-29569,-29316,-29063,-28810,-28557,-28304,-28051,-27798,-27545,-27292,-27039,-26786,-26533,-26280,-26027,-25774,-25521,-25268,-25015,-24762,-24509,-24256,-24003,-23750,-23497,-23244,-22991,-22738,-22485,-22232,-21979,-21726,-21473,-21220,-20967,-20714,-20461,-20208,-19955,-19702,-19449,-19196,-18943,-18690,-18437,-18184,-17931,-17678,-17425,-17172,-16919,-16666,-16413,-16160,-15907,-15654,-15401,-15148,-14895,-14642,-14389,-14136,-13883,-13630,-13377,-13124,-12871,-12618,-12365,-12112,-11859,-11606,-11353,-11100,-10847,-10594,-10341,-10088,-9835,-9582,-9329,-9076,-8823,-8570,-8317,-8096,-8064,-7811,-7558,-7305,-7052,-6799,-6546,-6293,-6040,-5787,-5534,-5281,-5028,-4775,-4522,-4269,-4016,-3763,-3510,-3257,-3004,-2751,-2498,-2245,-1992,-1739,-1486,-1233,-980,-727,-474,-221
33,286,539,792,1045,1298,1551,1804,2057,2310,2563,2816,3069,3322,3575,3828,4081,4334,4587,4840,5093,5346,5599,5852,6105,6358,6611,6864,7117,7370,7623,7876,8129,8382,8635,8888,9141,9394,9647,9900,10153,10406,10659,10912,11165,11418,11671,11924,12177,12430,12683,12936,13189,13442,13695,13948,14201,14454,14707,14960,15213,15466,15719,15972,16225,16478,16731,16984,17237,17490,17743,17996,18249,18502,18755,19008,19261,19514,19767,20020,20273,20526,20779,21032,21285,21538,21791,22044,22297,22550,22803,23056,23309,23562,23815,24068,24321,24574,24827,25080,25333,25586,25839,26092,26345,26598,26851,27104,27357,27610,27863,28116,28369,28622,28875,29128,29381,29634,29887,30140,30393,30646,30899,31152,31405,31658,31911,-31845,-31592,-31339,-31086,-30833,-30580,-30327,-30074,-29821,-29568,-29315,-29062,-28809,-28556,-28303,-28050,-27797,-27544,-27291,-27038,-26785,-26532,-26279,-26026,-25773,-25520,-25267,-25014,-24761,-24508,-24255,-24002,-23749,-23496,-23243,-22990,-22737,-22484,-22231,-21978,-21725,-21472,-21219,-20966,-20713,-20460,-20207,-19954,-19701,-19448,-19195,-18942,-18689,-18436,-18183,-17930,-17677,-17424,-17171,-16918,-16665,-16412,-16159,-15906,-15653,-15400,-15147,-14894,-14641,-14388,-14135,-13882,-13629,-13376,-13123,-12870,-12617,-12364,-12111,-11858,-11605,-11352,-11099,-10846,-10593,-10340,-10087,-9834,-9581,-9328,-9075,-8822,-8569,-8349,-8316,-8063,-7810,-7557,-7304,-7051,-6798,-6545,-6292,-6039,-5786,-5533,-5280,-5027,-4774,-4521,-4268,-4015,-3762,-3509,-3256,-3003,-2750,-2497,-2244,-1991,-1738,-1485,-1232,-979,-726,-473,-220
34,287,540,793,1046,1299,1552,1805,2058,2311,2564,2817,3070,3323,3576,3829,4082,4335,4588,4841,5094,5347,5600,5853,6106,6359,6612,6865,7118,7371,7624,7877,8130,8383,8636,8889,9142,9395,9648,9901,10154,10407,10660,10913,11166,11419,11672,11925,12178,12431,12684,12937,13190,13443,13696,13949,14202,14455,14708,14961,15214,15467,15720,15973,16226,16479,16732,16985,17238,17491,17744,17997,18250,18503,18756,19009,19262,19515,19768,20021,20274,20527,20780,21033,21286,21539,21792,22045,22298,22551,22804,23057,23310,23563,23816,24069,24322,24575,24828,25081,25334,25587,25840,26093,26346,26599,26852,27105,27358,27611,27864,28117,28370,28623,28876,29129,29382,29635,29888,30141,30394,30647,30900,31153,31406,31659,31912,-31844,-31591,-31338,-31085,-30832,-30579,-30326,-30073,-29820,-29567,-29314,-29061,-28808,-28555,-28302,-28049,-27796,-27543,-27290,-27037,-26784,-26531,-26278,-26025,-25772,-25519,-25266,-25013,-24760,-24507,-24254,-24001,-23748,-23495,-23242,-22989,-22736,-22483,-22230,-21977,-21724,-21471,-21218,-20965,-20712,-20459,-20206,-19953,-19700,-19447,-19194,-18941,-18688,-18435,-18182,-17929,-17676,-17423,-17170,-16917,-16664,-16411,-16158,-15905,-15652,-15399,-15146,-14893,-14640,-14387,-14134,-13881,-13628,-13375,-13122,-12869,-12616,-12363,-12110,-11857,-11604,-11351,-11098,-10845,-10592,-10339,-10086,-9833,-9580,-9327,-9074,-8821,-8602,-8568,-8315,-8062,-7809,-7556,-7303,-7050,-6797,-6544,-6291,-6038,-5785,-5532,-5279,-5026,-4773,-4520,-4267,-4014,-3761,-3508,-3255,-3002,-2749,-2496,-2243,-1990,-1737,-1484,-1231,-978,-725,-472,-219
35,288,541,794,1047,1300,1553,1806,2059,2312,2565,2818,3071,3324,3577,3830,4083,4336,4589,4842,5095,5348,5601,5854,6107,6360,6613,6866,7119,7372,7625,7878,8131,8384,8637,8890,9143,9396,9649,9902,10155,10408,10661,10914,11167,11420,11673,11926,12179,12432,12685,12938,13191,13444,13697,13950,14203,14456,14709,14962,15215,15468,15721,15974,16227,16480,16733,16986,17239,17492,17745,17998,18251,18504,18757,19010,19263,19516,19769,20022,20275,20528,20781,21034,21287,21540,21793,22046,22299,22552,22805,23058,23311,23564,23817,24070,24323,24576,24829,25082,25335,25588,25841,26094,26347,26600,26853,27106,27359,27612,27865,28118,28371,28624,28877,29130,29383,29636,29889,30142,30395,30648,30901,31154,31407,31660,31913,-31843,-31590,-31337,-31084,-30831,-30578,-30325,-30072,-29819,-29566,-29313,-29060,-28807,-28554,-28301,-28048,-27795,-27542,-27289,-27036,-26783,-26530,-26277,-26024,-25771,-25518,-25265,-25012,-24759,-24506,-24253,-24000,-23747,-23494,-23241,-22988,-22735,-22482,-22229,-21976,-21723,-21470,-21217,-20964,-20711,-20458,-20205,-19952,-19699,-19446,-19193,-18940,-18687,-18434,-18181,-17928,-17675,-17422,-17169,-16916,-16663,-16410,-16157,-15904,-15651,-15398,-15145,-14892,-14639,-14386,-14133,-13880,-13627,-13374,-13121,-12868,-12615,-12362,-12109,-11856,-11603,-11350,-11097,-10844,-10591,-10338,-10085,-9832,-9579,-9326,-9073,-8855,-8820,-8567,-8314,-8061,-7808,-7555,-7302,-7049,-6796,-6543,-6290,-6037,-5784,-5531,-5278,-5025,-4772,-4519,-4266,-4013,-3760,-3507,-3254,-3001,-2748,-2495,-2242,-1989,-1736,-1483,-1230,-977,-724,-471,-218
36,289,542,795,1048,1301,1554,1807,2060,2313,2566,2819,3072,3325,3578,3831,4084,4337,4590,4843,5096,5349,5602,5855,6108,6361,6614,6867,7120,7373,7626,7879,8132,8385,8638,8891,9144,9397,9650,9903,10156,10409,10662,10915,11168,11421,11674,11927,12180,12433,12686,12939,13192,13445,13698,13951,14204,14457,14710,14963,15216,15469,15722,15975,16228,16481,16734,16987,17240,17493,17746,17999,18252,18505,18758,19011,19264,19517,19770,20023,20276,20529,20782,21035,21288,21541,21794,22047,22300,22553,22806,23059,23312,23565,23818,24071,24324,24577,24830,25083,25336,25589,25842,26095,26348,26601,26854,27107,27360,27613,27866,28119,28372,28625,28878,29131,29384,29637,29890,30143,30396,30649,30902,31155,31408,31661,31914,-31842,-31589,-31336,-31083,-30830,-30577,-30324,-30071,-29818,-29565,-29312,-29059,-28806,-28553,-28300,-28047,-27794,-27541,-27288,-27035,-26782,-26529,-26276,-26023,-25770,-25517,-25264,-25011,-24758,-24505,-24252,-23999,-23746,-23493,-23240,-22987,-22734,-22481,-22228,-21975,-21722,-21469,-21216,-20963,-20710,-20457,-20204,-19951,-19698,-19445,-19192,-18939,-18686,-18433,-18180,-17927,-17674,-17421,-17168,-16915,-16662,-16409,-16156,-15903,-15650,-15397,-15144,-14891,-14638,-14385,-14132,-13879,-13626,-13373,-13120,-12867,-12614,-12361,-12108,-11855,-11602,-11349,-11096,-10843,-10590,-10337,-10084,-9831,-9578,-9325,-9108,-9072,-8819,-8566,-8313,-8060,-7807,-7554,-7301,-7048,-6795,-6542,-6289,-6036,-5783,-5530,-5277,-5024,-4771,-4518,-4265,-4012,-3759,-3506,-3253,-3000,-2747,-2494,-2241,-1988,-1735,-1482,-1229,-976,-723,-470,-217
37,290,543,796,1049,1302,1555,1808,2061,2314,2567,2820,3073,3326,3579,3832,4085,4338,4591,4844,5097,5350,5603,5856,6109,6362,6615,6868,7121,7374,7627,7880,8133,8386,8639,8892,9145,9398,9651,9904,10157,10410,10663,10916,11169,11422,11675,11928,12181,12434,12687,12940,13193,13446,13699,13952,14205,14458,14711,14964,15217,15470,15723,15976,16229,16482,16735,16988,17241,17494,17747,18000,18253,18506,18759,19012,19265,19518,19771,20024,20277,20530,20783,21036,21289,21542,21795,22048,22301,22554,22807,23060,23313,23566,23819,24072,24325,24578,24831,25084,25337,25590,25843,26096,26349,26602,26855,27108,27361,27614,27867,28120,28373,28626,28879,29132,29385,29638,29891,30144,30397,30650,30903,31156,31409,31662,31915,-31841,-31588,-31335,-31082,-30829,-30576,-30323,-30070,-29817,-29564,-29311,-29058,-28805,-28552,-28299,-28046,-27793,-27540,-27287,-27034,-26781,-26528,-26275,-26022,-25769,-25516,-25263,-25010,-24757,-24504,-24251,-23998,-23745,-23492,-23239,-22986,-22733,-22480,-22227,-21974,-21721,-21468,-21215,-20962,-20709,-20456,-20203,-19950,-19697,-19444,-19191,-18938,-18685,-18432,-18179,-17926,-17673,-17420,-17167,-16914,-16661,-16408,-16155,-15902,-15649,-15396,-15143,-14890,-14637,-14384,-14131,-13878,-13625,-13372,-13119,-12866,-12613,-12360,-12107,-11854,-11601,-11348,-11095,-10842,-10589,-10336,-10083,-9830,-9577,-9361,-9324,-9071,-8818,-8565,-8312,-8059,-7806,-7553,-7300,-7047,-6794,-6541,-6288,-6035,-5782,-5529,-5276,-5023,-4770,-4517,-4264,-4011,-3758,-3505,-3252,-2999,-2746,-2493,-2240,-1987,-1734,-1481,-1228,-975,-722,-469,-216
38,291,544,797,1050,1303,1556,1809,2062,2315,2568,2821,3074,3327,3580,3833,4086,4339,4592,4845,5098,5351,5604,5857,6110,6363,6616,6869,7122,7375,7628,7881,8134,8387,8640,8893,9146,9399,9652,9905,10158,10411,10664,10917,11170,11423,11676,11929,12182,12435,12688,12941,13194,13447,13700,13953,14206,14459,14712,14965,15218,15471,15724,15977,16230,16483,16736,16989,17242,17495,17748,18001,18254,18507,18760,19013,19266,19519,19772,20025,20278,20531,20784,21037,21290,21543,21796,22049,22302,22555,22808,23061,23314,23567,23820,24073,24326,24579,24832,25085,25338,25591,25844,26097,26350,26603,26856,27109,27362,27615,27868,28121,28374,28627,28880,29133,29386,29639,29892,30145,30398,30651,30904,31157,31410,31663,31916,-31840,-31587,-31334,-31081,-30828,-30575,-30322,-30069,-29816,-29563,-29310,-29057,-28804,-28551,-28298,-28045,-27792,-27539,-27286,-27033,-26780,-26527,-26274,-26021,-25768,-25515,-25262,-25009,-24756,-24503,-24250,-23997,-23744,-23491,-23238,-22985,-22732,-22479,-22226,-21973,-21720,-21467,-21214,-20961,-20708,-20455,-20202,-19949,-19696,-19443,-19190,-18937,-18684,-18431,-18178,-17925,-17672,-17419,-17166,-16913,-16660,-16407,-16154,-15901,-15648,-15395,-15142,-14889,-14636,-14383,-14130,-13877,-13624,-13371,-13118,-12865,-12612,-12359,-12106,-11853,-11600,-11347,-11094,-10841,-10588,-10335,-10082,-9829,-9614,-9576,-9323,-9070,-8817,-8564,-8311,-8058,-7805,-7552,-7299,-7046,-6793,-6540,-6287,-6034,-5781,-5528,-5275,-5022,-4769,-4516,-4263,-4010,-3757,-3504,-3251,-2998,-2745,-2492,-2239,-1986,-1733,-1480,-1227,-974,-721,-468,-215
39,292,545,798,1051,1304,1557,1810,2063,2316,2569,2822,3075,3328,3581,3834,4087,4340,4593,4846,5099,5352,5605,5858,6111,6364,6617,6870,7123,7376,7629,7882,8135,8388,8641,8894,9147,9400,9653,9906,10159,10412,10665,10918,11171,11424,11677,11930,12183,12436,12689,12942,13195,13448,13701,13954,14207,14460,14713,14966,15219,15472,15725,15978,16231,16484,16737,16990,17243,17496,17749,18002,18255,18508,18761,19014,19267,19520,19773,20026,20279,20532,20785,21038,21291,21544,21797,22050,22303,22556,22809,23062,23315,23568,23821,24074,24327,24580,24833,25086,25339,25592,25845,26098,26351,26604,26857,27110,27363,27616,27869,28122,28375,28628,28881,29134,29387,29640,29893,30146,30399,30652,30905,31158,31411,31664,31917,-31839,-31586,-31333,-31080,-30827,-30574,-30321,-30068,-29815,-29562,-29309,-29056,-28803,-28550,-28297,-28044,-27791,-27538,-27285,-27032,-26779,-26526,-26273,-26020,-25767,-25514,-25261,-25008,-24755,-24502,-24249,-23996,-23743,-23490,-23237,-22984,-22731,-22478,-22225,-21972,-21719,-21466,-21213,-20960,-20707,-20454,-20201,-19948,-19695,-19442,-19189,-18936,-18683,-18430,-18177,-17924,-17671,-17418,-17165,-16912,-16659,-16406,-16153,-15900,-15647,-15394,-15141,-14888,-14635,-14382,-14129,-13876,-13623,-13370,-13117,-12864,-12611,-12358,-12105,-11852,-11599,-11346,-11093,-10840,-10587,-10334,-10081,-9867,-9828,-9575,-9322,-9069,-8816,-8563,-8310,-8057,-7804,-7551,-7298,-7045,-6792,-6539,-6286,-6033,-5780,-5527,-5274,-5021,-4768,-4515,-4262,-4009,-3756,-3503,-3250,-2997,-2744,-2491,-2238,-1985,-1732,-1479,-1226,-973,-720,-467,-214
40,293,546,799,1052,1305,1558,1811,2064,2317,2570,2823,3076,3329,3582,3835,4088,4341,4594,4847,5100,5353,5606,5859,6112,6365,6618,6871,7124,7377,7630,7883,8136,8389,8642,8895,9148,9401,9654,9907,10160,10413,10666,10919,11172,11425,11678,11931,12184,12437,12690,12943,13196,13449,13702,13955,14208,14461,14714,14967,15220,15473,15726,15979,16232,16485,16738,16991,17244,17497,17750,18003,18256,18509,18762,19015,19268,19521,19774,20027,20280,20533,20786,21039,21292,21545,21798,22051,22304,22557,22810,23063,23316,23569,23822,24075,24328,24581,24834,25087,25340,25593,25846,26099,26352,26605,26858,27111,27364,27617,27870,28123,28376,28629,28882,29135,29388,29641,29894,30147,30400,30653,30906,31159,31412,31665,31918,-31838,-31585,-31332,-31079,-30826,-30573,-30320,-30067,-29814,-29561,-29308,-29055,-28802,-28549,-28296,-28043,-27790,-27537,-27284,-27031,-26778,-26525,-26272,-26019,-25766,-25513,-25260,-25007,-24754,-24501,-24248,-23995,-23742,-23489,-23236,-22983,-22730,-22477,-22224,-21971,-21718,-21465,-21212,-20959,-20706,-20453,-20200,-19947,-19694,-19441,-19188,-18935,-18682,-18429,-18176,-17923,-17670,-17417,-17164,-16911,-16658,-16405,-16152,-15899,-15646,-15393,-15140,-14887,-14634,-14381,-14128,-13875,-13622,-13369,-13116,-12863,-12610,-12357,-12104,-11851,-11598,-11345,-11092,-10839,-10586,-10333,-10120,-10080,-9827,-9574,-9321,-9068,-8815,-8562,-8309,-8056,-7803,-7550,-7297,-7044,-6791,-6538,-6285,-6032,-5779,-5526,-5273,-5020,-4767,-4514,-4261,-4008,-3755,-3502,-3249,-2996,-2743,-2490,-2237,-1984,-1731,-1478,-1225,-972,-719,-466,-213
41,294,547,800,1053,1306,1559,1812,2065,2318,2571,2824,3077,3330,3583,3836,4089,4342,4595,4848,5101,5354,5607,5860,6113,6366,6619,6872,7125,7378,7631,7884,8137,8390,8643,8896,9149,9402,9655,9908,10161,10414,10667,10920,11173,11426,11679,11932,12185,12438,12691,12944,13197,13450,13703,13956,14209,14462,14715,14968,15221,15474,15727,15980,16233,16486,16739,16992,17245,17498,17751,18004,18257,18510,18763,19016,19269,19522,19775,20028,20281,20534,20787,21040,21293,21546,21799,22052,22305,22558,22811,23064,23317,23570,23823,24076,24329,24582,24835,25088,25341,25594,25847,26100,26353,26606,26859,27112,27365,27618,27871,28124,28377,28630,28883,29136,29389,29642,29895,30148,30401,30654,30907,31160,31413,31666,31919,-31837,-31584,-31331,-31078,-30825,-30572,-30319,-30066,-29813,-29560,-29307,-29054,-28801,-28548,-28295,-28042,-27789,-27536,-27283,-27030,-26777,-26524,-26271,-26018,-25765,-25512,-25259,-25006,-24753,-24500,-24247,-23994,-23741,-23488,-23235,-22982,-22729,-22476,-22223,-21970,-21717,-21464,-21211,-20958,-20705,-20452,-20199,-19946,-19693,-19440,-19187,-18934,-18681,-18428,-18175,-17922,-17669,-17416,-17163,-16910,-16657,-16404,-16151,-15898,-15645,-15392,-15139,-14886,-14633,-14380,-14127,-13874,-13621,-13368,-13115,-12862,-12609,-12356,-12103,-11850,-11597,-11344,-11091,-10838,-10585,-10373,-10332,-10079,-9826,-9573,-9320,-9067,-8814,-8561,-8308,-8055,-7802,-7549,-7296,-7043,-6790,-6537,-6284,-6031,-5778,-5525,-5272,-5019,-4766,-4513,-4260,-4007,-3754,-3501,-3248,-2995,-2742,-2489,-2236,-1983,-1730,-1477,-1224,-971,-718,-465,-212
42,295,548,801,1054,1307,1560,1813,2066,2319,2572,2825,3078,3331,3584,3837,4090,4343,4596,4849,5102,5355,5608,5861,6114,6367,6620,6873,7126,7379,7632,7885,8138,8391,8644,8897,9150,9403,9656,9909,10162,10415,10668,10921,11174,11427,11680,11933,12186,12439,12692,12945,13198,13451,13704,13957,14210,14463,14716,14969,15222,15475,15728,15981,16234,16487,16740,16993,17246,17499,17752,18005,18258,18511,18764,19017,19270,19523,19776,20029,20282,20535,20788,21041,21294,21547,21800,22053,22306,22559,22812,23065,23318,23571,23824,24077,24330,24583,24836,25089,25342,25595,25848,26101,26354,26607,26860,27113,27366,27619,27872,28125,28378,28631,28884,29137,29390,29643,29896,30149,30402,30655,30908,31161,31414,31667,31920,-31836,-31583,-31330,-31077,-30824,-30571,-30318,-30065,-29812,-29559,-29306,-29053,-28800,-28547,-28294,-28041,-27788,-27535,-27282,-27029,-26776,-26523,-26270,-26017,-25764,-25511,-25258,-25005,-24752,-24499,-24246,-23993,-23740,-23487,-23234,-22981,-22728,-22475,-22222,-21969,-21716,-21463,-21210,-20957,-20704,-20451,-20198,-19945,-19692,-19439,-19186,-18933,-18680,-18427,-18174,-17921,-17668,-17415,-17162,-16909,-16656,-16403,-16150,-15897,-15644,-15391,-15138,-14885,-14632,-14379,-14126,-13873,-13620,-13367,-13114,-12861,-12608,-12355,-12102,-11849,-11596,-11343,-11090,-10837,-10626,-10584,-10331,-10078,-9825,-9572,-9319,-9066,-8813,-8560,-8307,-8054,-7801,-7548,-7295,-7042,-6789,-6536,-6283,-6030,-5777,-5524,-5271,-5018,-4765,-4512,-4259,-4006,-3753,-3500,-3247,-2994,-2741,-2488,-2235,-1982,-1729,-1476,-1223,-970,-717,-464,-211
43,296,549,802,1055,1308,1561,1814,2067,2320,2573,2826,3079,3332,3585,3838,4091,4344,4597,4850,5103,5356,5609,5862,6115,6368,6621,6874,7127,7380,7633,7886,8139,8392,8645,8898,9151,9404,9657,9910,10163,10416,10669,10922,11175,11428,11681,11934,12187,12440,12693,12946,13199,13452,13705,13958,14211,14464,14717,14970,15223,15476,15729,15982,16235,16488,16741,16994,17247,17500,17753,18006,18259,18512,18765,19018,19271,19524,19777,20030,20283,20536,20789,21042,21295,21548,21801,22054,22307,22560,22813,23066,23319,23572,23825,24078,24331,24584,24837,25090,25343,25596,25849,26102,26355,26608,26861,27114,27367,27620,27873,28126,28379,28632,28885,29138,29391,29644,29897,30150,30403,30656,30909,31162,31415,31668,31921,-31835,-31582,-31329,-31076,-30823,-30570,-30317,-30064,-29811,-29558,-29305,-29052,-28799,-28546,-28293,-28040,-27787,-27534,-27281,-27028,-26775,-26522,-26269,-26016,-25763,-25510,-25257,-25004,-24751,-24498,-24245,-23992,-23739,-23486,-23233,-22980,-22727,-22474,-22221,-21968,-21715,-21462,-21209,-20956,-20703,-20450,-20197,-19944,-19691,-19438,-19185,-18932,-18679,-18426,-18173,-17920,-17667,-17414,-17161,-16908,-16655,-16402,-16149,-15896,-15643,-15390,-15137,-14884,-14631,-14378,-14125,-13872,-13619,-13366,-13113,-12860,-12607,-12354,-12101,-11848,-11595,-11342,-11089,-10879,-10836,-10583,-10330,-10077,-9824,-9571,-9318,-9065,-8812,-8559,-8306,-8053,-7800,-7547,-7294,-7041,-6788,-6535,-6282,-6029,-5776,-5523,-5270,-5017,-4764,-4511,-4258,-4005,-3752,-3499,-3246,-2993,-2740,-2487,-2234,-1981,-1728,-1475,-1222,-969,-716,-463,-210
44,297,550,803,1056,1309,1562,1815,2068,2321,2574,2827,3080,3333,3586,3839,4092,4345,4598,4851,5104,5357,5610,5863,6116,6369,6622,6875,7128,7381,7634,7887,8140,8393,8646,8899,9152,9405,9658,9911,10164,10417,10670,10923,11176,11429,11682,11935,12188,12441,12694,12947,13200,13453,13706,13959,14212,14465,14718,14971,15224,15477,15730,15983,16236,16489,16742,16995,17248,17501,17754,18007,18260,18513,18766,19019,19272,19525,19778,20031,20284,20537,20790,21043,21296,21549,21802,22055,22308,22561,22814,23067,23320,23573,23826,24079,24332,24585,24838,25091,25344,25597,25850,26103,26356,26609,26862,27115,27368,27621,27874,28127,28380,28633,28886,29139,29392,29645,29898,30151,30404,30657,30910,31163,31416,31669,31922,-31834,-31581,-31328,-31075,-30822,-30569,-30316,-30063,-29810,-29557,-29304,-29051,-28798,-28545,-28292,-28039,-27786,-27533,-27280,-27027,-26774,-26521,-26268,-26015,-25762,-25509,-25256,-25003,-24750,-24497,-24244,-23991,-23738,-23485,-23232,-22979,-22726,-22473,-22220,-21967,-21714,-21461,-21208,-20955,-20702,-20449,-20196,-19943,-19690,-19437,-19184,-18931,-18678,-18425,-18172,-17919,-17666,-17413,-17160,-16907,-16654,-16401,-16148,-15895,-15642,-15389,-15136,-14883,-14630,-14377,-14124,-13871,-13618,-13365,-13112,-12859,-12606,-12353,-12100,-11847,-11594,-11341,-11132,-11088,-10835,-10582,-10329,-10076,-9823,-9570,-9317,-9064,-8811,-8558,-8305,-8052,-7799,-7546,-7293,-7040,-6787,-6534,-6281,-6028,-5775,-5522,-5269,-5016,-4763,-4510,-4257,-4004,-3751,-3498,-3245,-2992,-2739,-2486,-2233,-1980,-1727,-1474,-1221,-968,-715,-462,-209
45,298,551,804,1057,1310,1563,1816,2069,2322,2575,2828,3081,3334,3587,3840,4093,4346,4599,4852,5105,5358,5611,5864,6117,6370,6623,6876,7129,7382,7635,7888,8141,8394,8647,8900,9153,9406,9659,9912,10165,10418,10671,10924,11177,11430,11683,11936,12189,12442,12695,12948,13201,13454,13707,13960,14213,14466,14719,14972,15225,15478,15731,15984,16237,16490,16743,16996,17249,17502,17755,18008,18261,18514,18767,19020,19273,19526,19779,20032,20285,20538,20791,21044,21297,21550,21803,22056,22309,22562,22815,23068,23321,23574,23827,24080,24333,24586,24839,25092,25345,25598,25851,26104,26357,26610,26863,27116,27369,27622,27875,28128,28381,28634,28887,29140,29393,29646,29899,30152,30405,30658,30911,31164,31417,31670,31923,-31833,-31580,-31327,-31074,-30821,-30568,-30315,-30062,-29809,-29556,-29303,-29050,-28797,-28544,-28291,-28038,-27785,-27532,-27279,-27026,-26773,-26520,-26267,-26014,-25761,-25508,-25255,-25002,-24749,-24496,-24243,-23990,-23737,-23484,-23231,-22978,-22725,-22472,-22219,-21966,-21713,-21460,-21207,-20954,-20701,-20448,-20195,-19942,-19689,-19436,-19183,-18930,-18677,-18424,-18171,-17918,-17665,-17412,-17159,-16906,-16653,-16400,-16147,-15894,-15641,-15388,-15135,-14882,-14629,-14376,-14123,-13870,-13617,-13364,-13111,-12858,-12605,-12352,-12099,-11846,-11593,-11385,-11340,-11087,-10834,-10581,-10328,-10075,-9822,-9569,-9316,-9063,-8810,-8557,-8304,-8051,-7798,-7545,-7292,-7039,-6786,-6533,-6280,-6027,-5774,-5521,-5268,-5015,-4762,-4509,-4256,-4003,-3750,-3497,-3244,-2991,-2738,-2485,-2232,-1979,-1726,-1473,-1220,-967,-714,-461,-208
46,299,552,805,1058,1311,1564,1817,2070,2323,2576,2829,3082,3335,3588,3841,4094,4347,4600,4853,5106,5359,5612,5865,6118,6371,6624,6877,7130,7383,7636,7889,8142,8395,8648,8901,9154,9407,9660,9913,10166,10419,10672,10925,11178,11431,11684,11937,12190,12443,12696,12949,13202,13455,13708,13961,14214,14467,14720,14973,15226,15479,15732,15985,16238,16491,16744,16997,17250,17503,17756,18009,18262,18515,18768,19021,19274,19527,19780,20033,20286,20539,20792,21045,21298,21551,21804,22057,22310,22563,22816,23069,23322,23575,23828,24081,24334,24587,24840,25093,25346,25599,25852,26105,26358,26611,26864,27117,27370,27623,27876,28129,28382,28635,28888,29141,29394,29647,29900,30153,30406,30659,30912,31165,31418,31671,31924,-31832,-31579,-31326,-31073,-30820,-30567,-30314,-30061,-29808,-29555,-29302,-29049,-28796,-28543,-28290,-28037,-27784,-27531,-27278,-27025,-26772,-26519,-26266,-26013,-25760,-25507,-25254,-25001,-24748,-24495,-24242,-23989,-23736,-23483,-23230,-22977,-22724,-22471,-22218,-21965,-21712,-21459,-21206,-20953,-20700,-20447,-20194,-19941,-19688,-19435,-19182,-18929,-18676,-18423,-18170,-17917,-17664,-17411,-17158,-16905,-16652,-16399,-16146,-15893,-15640,-15387,-15134,-14881,-14628,-14375,-14122,-13869,-13616,-13363,-13110,-12857,-12604,-12351,-12098,-11845,-11638,-11592,-11339,-11086,-10833,-10580,-10327,-10074,-9821,-9568,-9315,-9062,-8809,-8556,-8303,-8050,-7797,-7544,-7291,-7038,-6785,-6532,-6279,-6026,-5773,-5520,-5267,-5014,-4761,-4508,-4255,-4002,-3749,-3496,-3243,-2990,-2737,-2484,-2231,-1978,-1725,-1472,-1219,-966,-713,-460,-207
47,300,553,806,1059,1312,1565,1818,2071,2324,2577,2830,3083,3336,3589,3842,4095,4348,4601,4854,5107,5360,5613,5866,6119,6372,6625,6878,7131,7384,7637,7890,8143,8396,8649,8902,9155,9408,9661,9914,10167,10420,10673,10926,11179,11432,11685,11938,12191,12444,12697,12950,13203,13456,13709,13962,14215,14468,14721,14974,15227,15480,15733,15986,16239,16492,16745,16998,17251,17504,17757,18010,18263,18516,18769,19022,19275,19528,19781,20034,20287,20540,20793,21046,21299,21552,21805,22058,22311,22564,22817,23070,23323,23576,23829,24082,24335,24588,24841,25094,25347,25600,25853,26106,26359,26612,26865,27118,27371,27624,27877,28130,28383,28636,28889,29142,29395,29648,29901,30154,30407,30660,30913,31166,31419,31672,31925,-31831,-31578,-31325,-31072,-30819,-30566,-30313,-30060,-29807,-29554,-29301,-29048,-28795,-28542,-28289,-28036,-27783,-27530,-27277,-27024,-26771,-26518,-26265,-26012,-25759,-25506,-25253,-25000,-24747,-24494,-24241,-23988,-23735,-23482,-23229,-22976,-22723,-22470,-22217,-21964,-21711,-21458,-21205,-20952,-20699,-20446,-20193,-19940,-19687,-19434,-19181,-18928,-18675,-18422,-18169,-17916,-17663,-17410,-17157,-16904,-16651,-16398,-16145,-15892,-15639,-15386,-15133,-14880,-14627,-14374,-14121,-13868,-13615,-13362,-13109,-12856,-12603,-12350,-12097,-11891,-11844,-11591,-11338,-11085,-10832,-10579,-10326,-10073,-9820,-9567,-9314,-9061,-8808,-8555,-8302,-8049,-7796,-7543,-7290,-7037,-6784,-6531,-6278,-6025,-5772,-5519,-5266,-5013,-4760,-4507,-4254,-4001,-3748,-3495,-3242,-2989,-2736,-2483,-2230,-1977,-1724,-1471,-1218,-965,-712,-459,-206
48,301,554,807,1060,1313,1566,1819,2072,2325,2578,2831,3084,3337,3590,3843,4096,4349,4602,4855,5108,5361,5614,5867,6120,6373,6626,6879,7132,7385,7638,7891,8144,8397,8650,8903,9156,9409,9662,9915,10168,10421,10674,10927,11180,11433,11686,11939,12192,12445,12698,12951,13204,13457,13710,13963,14216,14469,14722,14975,15228,15481,15734,15987,16240,16493,16746,16999,17252,17505,17758,18011,18264,18517,18770,19023,19276,19529,19782,20035,20288,20541,20794,21047,21300,21553,21806,22059,22312,22565,22818,23071,23324,23577,23830,24083,24336,24589,24842,25095,25348,25601,25854,26107,26360,26613,26866,27119,27372,27625,27878,28131,28384,28637,28890,29143,29396,29649,29902,30155,30408,30661,30914,31167,31420,31673,31926,-31830,-31577,-31324,-31071,-30818,-30565,-30312,-30059,-29806,-29553,-29300,-29047,-28794,-28541,-28288,-28035,-27782,-27529,-27276,-27023,-26770,-26517,-26264,-26011,-25758,-25505,-25252,-24999,-24746,-24493,-24240,-23987,-23734,-23481,-23228,-22975,-22722,-22469,-22216,-21963,-21710,-21457,-21204,-20951,-20698,-20445,-20192,-19939,-19686,-19433,-19180,-18927,-18674,-18421,-18168,-17915,-17662,-17409,-17156,-16903,-16650,-16397,-16144,-15891,-15638,-15385,-15132,-14879,-14626,-14373,-14120,-13867,-13614,-13361,-13108,-12855,-12602,-12349,-12144,-12096,-11843,-11590,-11337,-11084,-10831,-10578,-10325,-10072,-9819,-9566,-9313,-9060,-8807,-8554,-8301,-8048,-7795,-7542,-7289,-7036,-6783,-6530,-6277,-6024,-5771,-5518,-5265,-5012,-4759,-4506,-4253,-4000,-3747,-3494,-3241,-2988,-2735,-2482,-2229,-1976,-1723,-1470,-1217,-964,-711,-458,-205
49,302,555,808,1061,1314,1567,1820,2073,2326,2579,2832,3085,3338,3591,3844,4097,4350,4603,4856,5109,5362,5615,5868,6121,6374,6627,6880,7133,7386,7639,7892,8145,8398,8651,8904,9157,9410,9663,9916,10169,10422,10675,10928,11181,11434,11687,11940,12193,12446,12699,12952,13205,13458,13711,13964,14217,14470,14723,14976,15229,15482,15735,15988,16241,16494,16747,17000,17253,17506,17759,18012,18265,18518,18771,19024,19277,19530,19783,20036,20289,20542,20795,21048,21301,21554,21807,22060,22313,22566,22819,23072,23325,23578,23831,24084,24337,24590,24843,25096,25349,25602,25855,26108,26361,26614,26867,27120,27373,27626,27879,28132,28385,28638,28891,29144,29397,29650,29903,30156,30409,30662,30915,31168,31421,31674,31927,-31829,-31576,-31323,-31070,-30817,-30564,-30311,-30058,-29805,-29552,-29299,-29046,-28793,-28540,-28287,-28034,-27781,-27528,-27275,-27022,-26769,-26516,-26263,-26010,-25757,-25504,-25251,-24998,-24745,-24492,-24239,-23986,-23733,-23480,-23227,-22974,-22721,-22468,-22215,-21962,-21709,-21456,-21203,-20950,-20697,-20444,-20191,-19938,-19685,-19432,-19179,-18926,-18673,-18420,-18167,-17914,-17661,-17408,-17155,-16902,-16649,-16396,-16143,-15890,-15637,-15384,-15131,-14878,-14625,-14372,-14119,-13866,-13613,-13360,-13107,-12854,-12601,-12397,-12348,-12095,-11842,-11589,-11336,-11083,-10830,-10577,-10324,-10071,-9818,-9565,-9312,-9059,-8806,-8553,-8300,-8047,-7794,-7541,-7288,-7035,-6782,-6529,-6276,-6023,-5770,-5517,-5264,-5011,-4758,-4505,-4252,-3999,-3746,-3493,-3240,-2987,-2734,-2481,-2228,-1975,-1722,-1469,-1216,-963,-710,-457,-204
50,303,556,809,1062,1315,1568,1821,2074,2327,2580,2833,3086,3339,3592,3845,4098,4351,4604,4857,5110,5363,5616,5869,6122,6375,6628,6881,7134,7387,7640,7893,8146,8399,8652,8905,9158,9411,9664,9917,10170,10423,10676,10929,11182,11435,11688,11941,12194,12447,12700,12953,13206,13459,13712,13965,14218,14471,14724,14977,15230,15483,15736,15989,16242,16495,16748,17001,17254,17507,17760,18013,18266,18519,18772,19025,19278,19531,19784,20037,20290,20543,20796,21049,21302,21555,21808,22061,22314,22567,22820,23073,23326,23579,23832,24085,24338,24591,24844,25097,25350,25603,25856,26109,26362,26615,26868,27121,27374,27627,27880,28133,28386,28639,28892,29145,29398,29651,29904,30157,30410,30663,30916,31169,31422,31675,31928,-31828,-31575,-31322,-31069,-30816,-30563,-30310,-30057,-29804,-29551,-29298,-29045,-28792,-28539,-28286,-28033,-27780,-27527,-27274,-27021,-26768,-26515,-26262,-26009,-25756,-25503,-25250,-24997,-24744,-24491,-24238,-23985,-23732,-23479,-23226,-22973,-22720,-22467,-22214,-21961,-21708,-21455,-21202,-20949,-20696,-20443,-20190,-19937,-19684,-19431,-19178,-18925,-18672,-18419,-18166,-17913,-17660,-17407,-17154,-16901,-16648,-16395,-16142,-15889,-15636,-15383,-15130,-14877,-14624,-14371,-14118,-13865,-13612,-13359,-13106,-12853,-12650,-12600,-12347,-12094,-11841,-11588,-11335,-11082,-10829,-10576,-10323,-10070,-9817,-9564,-9311,-9058,-8805,-8552,-8299,-8046,-7793,-7540,-7287,-7034,-6781,-6528,-6275,-6022,-5769,-5516,-5263,-5010,-4757,-4504,-4251,-3998,-3745,-3492,-3239,-2986,-2733,-2480,-2227,-1974,-1721,-1468,-1215,-962,-709,-456,-203
51,304,557,810,1063,1316,1569,1822,2075,2328,2581,2834,3087,3340,3593,3846,4099,4352,4605,4858,5111,5364,5617,5870,6123,6376,6629,6882,7135,7388,7641,7894,8147,8400,8653,8906,9159,9412,9665,9918,10171,10424,10677,10930,11183,11436,11689,11942,12195,12448,12701,12954,13207,13460,13713,13966,14219,14472,14725,14978,15231,15484,15737,15990,16243,16496,16749,17002,17255,17508,17761,18014,18267,18520,18773,19026,19279,19532,19785,20038,20291,20544,20797,21050,21303,21556,21809,22062,22315,22568,22821,23074,23327,23580,23833,24086,24339,24592,24845,25098,25351,25604,25857,26110,26363,26616,26869,27122,27375,27628,27881,28134,28387,28640,28893,29146,29399,29652,29905,30158,30411,30664,30917,31170,31423,31676,31929,-31827,-31574,-31321,-31068,-30815,-30562,-30309,-30056,-29803,-29550,-29297,-29044,-28791,-28538,-28285,-28032,-27779,-27526,-27273,-27020,-26767,-26514,-26261,-26008,-25755,-25502,-25249,-24996,-24743,-24490,-24237,-23984,-23731,-23478,-23225,-22972,-22719,-22466,-22213,-21960,-21707,-21454,-21201,-20948,-20695,-20442,-20189,-19936,-19683,-19430,-19177,-18924,-18671,-18418,-18165,-17912,-17659,-17406,-17153,-16900,-16647,-16394,-16141,-15888,-15635,-15382,-15129,-14876,-14623,-14370,-14117,-13864,-13611,-13358,-13105,-12903,-12852,-12599,-12346,-12093,-11840,-11587,-11334,-11081,-10828,-10575,-10322,-10069,-9816,-9563,-9310,-9057,-8804,-8551,-8298,-8045,-7792,-7539,-7286,-7033,-6780,-6527,-6274,-6021,-5768,-5515,-5262,-5009,-4756,-4503,-4250,-3997,-3744,-3491,-3238,-2985,-2732,-2479,-2226,-1973,-1720,-1467,-1214,-961,-708,-455,-202
52,305,558,811,1064,1317,1570,1823,2076,2329,2582,2835,3088,3341,3594,3847,4100,4353,4606,4859,5112,5365,5618,5871,6124,6377,6630,6883,7136,7389,7642,7895,8148,8401,8654,8907,9160,9413,9666,9919,10172,10425,10678,10931,11184,11437,11690,11943,12196,12449,12702,12955,13208,13461,13714,13967,14220,14473,14726,14979,15232,15485,15738,15991,16244,16497,16750,17003,17256,17509,17762,18015,18268,18521,18774,19027,19280,19533,19786,20039,20292,20545,20798,21051,21304,21557,21810,22063,22316,22569,22822,23075,23328,23581,23834,24087,24340,24593,24846,25099,25352,25605,25858,26111,26364,26617,26870,27123,27376,27629,27882,28135,28388,28641,28894,29147,29400,29653,29906,30159,30412,30665,30918,31171,31424,31677,31930,-31826,-31573,-31320,-31067,-30814,-30561,-30308,-30055,-29802,-29549,-29296,-29043,-28790,-28537,-28284,-28031,-27778,-27525,-27272,-27019,-26766,-26513,-26260,-26007,-25754,-25501,-25248,-24995,-24742,-24489,-24236,-23983,-23730,-23477,-23224,-22971,-22718,-22465,-22212,-21959,-21706,-21453,-21200,-20947,-20694,-20441,-20188,-19935,-19682,-19429,-19176,-18923,-18670,-18417,-18164,-17911,-17658,-17405,-17152,-16899,-16646,-16393,-16140,-15887,-15634,-15381,-15128,-14875,-14622,-14369,-14116,-13863,-13610,-13357,-13156,-13104,-12851,-12598,-12345,-12092,-11839,-11586,-11333,-11080,-10827,-10574,-10321,-10068,-9815,-9562,-9309,-9056,-8803,-8550,-8297,-8044,-7791,-7538,-7285,-7032,-6779,-6526,-6273,-6020,-5767,-5514,-5261,-5008,-4755,-4502,-4249,-3996,-3743,-3490,-3237,-2984,-2731,-2478,-2225,-1972,-1719,-1466,-1213,-960,-707,-454,-201
53,306,559,812,1065,1318,1571,1824,2077,2330,2583,2836,3089,3342,3595,3848,4101,4354,4607,4860,5113,5366,5619,5872,6125,6378,6631,6884,7137,7390,7643,7896,8149,8402,8655,8908,9161,9414,9667,9920,10173,10426,10679,10932,11185,11438,11691,11944,12197,12450,12703,12956,13209,13462,13715,13968,14221,14474,14727,14980,15233,15486,15739,15992,16245,16498,16751,17004,17257,17510,17763,18016,18269,18522,18775,19028,19281,19534,19787,20040,20293,20546,20799,21052,21305,21558,21811,22064,22317,22570,22823,23076,23329,23582,23835,24088,24341,24594,24847,25100,25353,25606,25859,26112,26365,26618,26871,27124,27377,27630,27883,28136,28389,28642,28895,29148,29401,29654,29907,30160,30413,30666,30919,31172,31425,31678,31931,-31825,-31572,-31319,-31066,-30813,-30560,-30307,-30054,-29801,-29548,-29295,-29042,-28789,-28536,-28283,-28030,-27777,-27524,-27271,-27018,-26765,-26512,-26259,-26006,-25753,-25500,-25247,-24994,-24741,-24488,-24235,-23982,-23729,-23476,-23223,-22970,-22717,-22464,-22211,-21958,-21705,-21452,-21199,-20946,-20693,-20440,-20187,-19934,-19681,-19428,-19175,-18922,-18669,-18416,-18163,-17910,-17657,-17404,-17151,-16898,-16645,-16392,-16139,-15886,-15633,-15380,-15127,-14874,-14621,-14368,-14115,-13862,-13609,-13409,-13356,-13103,-12850,-12597,-12344,-12091,-11838,-11585,-11332,-11079,-10826,-10573,-10320,-10067,-9814,-9561,-9308,-9055,-8802,-8549,-8296,-8043,-7790,-7537,-7284,-7031,-6778,-6525,-6272,-6019,-5766,-5513,-5260,-5007,-4754,-4501,-4248,-3995,-3742,-3489,-3236,-2983,-2730,-2477,-2224,-1971,-1718,-1465,-1212,-959,-706,-453,-200
54,307,560,813,1066,1319,1572,1825,2078,2331,2584,2837,3090,3343,3596,3849,4102,4355,4608,4861,5114,5367,5620,5873,6126,6379,6632,6885,7138,7391,7644,7897,8150,8403,8656,8909,9162,9415,9668,9921,10174,10427,10680,10933,11186,11439,11692,11945,12198,12451,12704,12957,13210,13463,13716,13969,14222,14475,14728,14981,15234,15487,15740,15993,16246,16499,16752,17005,17258,17511,17764,18017,18270,18523,18776,19029,19282,19535,19788,20041,20294,20547,20800,21053,21306,21559,21812,22065,22318,22571,22824,23077,23330,23583,23836,24089,24342,24595,24848,25101,25354,25607,25860,26113,26366,26619,26872,27125,27378,27631,27884,28137,28390,28643,28896,29149,29402,29655,29908,30161,30414,30667,30920,31173,31426,31679,31932,-31824,-31571,-31318,-31065,-30812,-30559,-30306,-30053,-29800,-29547,-29294,-29041,-28788,-28535,-28282,-28029,-27776,-27523,-27270,-27017,-26764,-26511,-26258,-26005,-25752,-25499,-25246,-24993,-24740,-24487,-24234,-23981,-23728,-23475,-23222,-22969,-22716,-22463,-22210,-21957,-21704,-21451,-21198,-20945,-20692,-20439,-20186,-19933,-19680,-19427,-19174,-18921,-18668,-18415,-18162,-17909,-17656,-17403,-17150,-16897,-16644,-16391,-16138,-15885,-15632,-15379,-15126,-14873,-14620,-14367,-14114,-13861,-13662,-13608,-13355,-13102,-12849,-12596,-12343,-12090,-11837,-11584,-11331,-11078,-10825,-10572,-10319,-10066,-9813,-9560,-9307,-9054,-8801,-8548,-8295,-8042,-7789,-7536,-7283,-7030,-6777,-6524,-6271,-6018,-5765,-5512,-5259,-5006,-4753,-4500,-4247,-3994,-3741,-3488,-3235,-2982,-2729,-2476,-2223,-1970,-1717,-1464,-1211,-958,-705,-452,-199
55,308,561,814,1067,1320,1573,1826,2079,2332,2585,2838,3091,3344,3597,3850,4103,4356,4609,4862,5115,5368,5621,5874,6127,6380,6633,6886,7139,7392,7645,7898,8151,8404,8657,8910,9163,9416,9669,9922,10175,10428,10681,10934,11187,11440,11693,11946,12199,12452,12705,12958,13211,13464,13717,13970,14223,14476,14729,14982,15235,15488,15741,15994,16247,16500,16753,17006,17259,17512,17765,18018,18271,18524,18777,19030,19283,19536,19789,20042,20295,20548,20801,21054,21307,21560,21813,22066,22319,22572,22825,23078,23331,23584,23837,24090,24343,24596,24849,25102,25355,25608,25861,26114,26367,26620,26873,27126,27379,27632,27885,28138,28391,28644,28897,29150,29403,29656,29909,30162,30415,30668,30921,31174,31427,31680,31933,-31823,-31570,-31317,-31064,-30811,-30558,-30305,-30052,-29799,-29546,-29293,-29040,-28787,-28534,-28281,-28028,-27775,-27522,-27269,-27016,-26763,-26510,-26257,-26004,-25751,-25498,-25245,-24992,-24739,-24486,-24233,-23980,-23727,-23474,-23221,-22968,-22715,-22462,-22209,-21956,-21703,-21450,-21197,-20944,-20691,-20438,-20185,-19932,-19679,-19426,-19173,-18920,-18667,-18414,-18161,-17908,-17655,-17402,-17149,-16896,-16643,-16390,-16137,-15884,-15631,-15378,-15125,-14872,-14619,-14366,-14113,-13915,-13860,-13607,-13354,-13101,-12848,-12595,-12342,-12089,-11836,-11583,-11330,-11077,-10824,-10571,-10318,-10065,-9812,-9559,-9306,-9053,-8800,-8547,-8294,-8041,-7788,-7535,-7282,-7029,-6776,-6523,-6270,-6017,-5764,-5511,-5258,-5005,-4752,-4499,-4246,-3993,-3740,-3487,-3234,-2981,-2728,-2475,-2222,-1969,-1716,-1463,-1210,-957,-704,-451,-198
56,309,562,815,1068,1321,1574,1827,2080,2333,2586,2839,3092,3345,3598,3851,4104,4357,4610,4863,5116,5369,5622,5875,6128,6381,6634,6887,7140,7393,7646,7899,8152,8405,8658,8911,9164,9417,9670,9923,10176,10429,10682,10935,11188,11441,11694,11947,12200,12453,12706,12959,13212,13465,13718,13971,14224,14477,14730,14983,15236,15489,15742,15995,16248,16501,16754,17007,17260,17513,17766,18019,18272,18525,18778,19031,19284,19537,19790,20043,20296,20549,20802,21055,21308,21561,21814,22067,22320,22573,22826,23079,23332,23585,23838,24091,24344,24597,24850,25103,25356,25609,25862,26115,26368,26621,26874,27127,27380,27633,27886,28139,28392,28645,28898,29151,29404,29657,29910,30163,30416,30669,30922,31175,31428,31681,31934,-31822,-31569,-31316,-31063,-30810,-30557,-30304,-30051,-29798,-29545,-29292,-29039,-28786,-28533,-28280,-28027,-27774,-27521,-27268,-27015,-26762,-26509,-26256,-26003,-25750,-25497,-25244,-24991,-24738,-24485,-24232,-23979,-23726,-23473,-23220,-22967,-22714,-22461,-22208,-21955,-21702,-21449,-21196,-20943,-20690,-20437,-20184,-19931,-19678,-19425,-19172,-18919,-18666,-18413,-18160,-17907,-17654,-17401,-17148,-16895,-16642,-16389,-16136,-15883,-15630,-15377,-15124,-14871,-14618,-14365,-14168,-14112,-13859,-13606,-13353,-13100,-12847,-12594,-12341,-12088,-11835,-11582,-11329,-11076,-10823,-10570,-10317,-10064,-9811,-9558,-9305,-9052,-8799,-8546,-8293,-8040,-7787,-7534,-7281,-7028,-6775,-6522,-6269,-6016,-5763,-5510,-5257,-5004,-4751,-4498,-4245,-3992,-3739,-3486,-3233,-2980,-2727,-2474,-2221,-1968,-1715,-1462,-1209,-956,-703,-450,-197
57,310,563,816,1069,1322,1575,1828,2081,2334,2587,2840,3093,3346,3599,3852,4105,4358,4611,4864,5117,5370,5623,5876,6129,6382,6635,6888,7141,7394,7647,7900,8153,8406,8659,8912,9165,9418,9671,9924,10177,10430,10683,10936,11189,11442,11695,11948,12201,12454,12707,12960,13213,13466,13719,13972,14225,14478,14731,14984,15237,15490,15743,15996,16249,16502,16755,17008,17261,17514,17767,18020,18273,18526,18779,19032,19285,19538,19791,20044,20297,20550,20803,21056,21309,21562,21815,22068,22321,22574,22827,23080,23333,23586,23839,24092,24345,24598,24851,25104,25357,25610,25863,26116,26369,26622,26875,27128,27381,27634,27887,28140,28393,28646,28899,29152,29405,29658,29911,30164,30417,30670,30923,31176,31429,31682,31935,-31821,-31568,-31315,-31062,-30809,-30556,-30303,-30050,-29797,-29544,-29291,-29038,-28785,-28532,-28279,-28026,-27773,-27520,-27267,-27014,-26761,-26508,-26255,-26002,-25749,-25496,-25243,-24990,-24737,-24484,-24231,-23978,-23725,-23472,-23219,-22966,-22713,-22460,-22207,-21954,-21701,-21448,-21195,-20942,-20689,-20436,-20183,-19930,-19677,-19424,-19171,-18918,-18665,-18412,-18159,-17906,-17653,-17400,-17147,-16894,-16641,-16388,-16135,-15882,-15629,-15376,-15123,-14870,-14617,-14421,-14364,-14111,-13858,-13605,-13352,-13099,-12846,-12593,-12340,-12087,-11834,-11581,-11328,-11075,-10822,-10569,-10316,-10063,-9810,-9557,-9304,-9051,-8798,-8545,-8292,-8039,-7786,-7533,-7280,-7027,-6774,-6521,-6268,-6015,-5762,-5509,-5256,-5003,-4750,-4497,-4244,-3991,-3738,-3485,-3232,-2979,-2726,-2473,-2220,-1967,-1714,-1461,-1208,-955,-702,-449,-196
58,311,564,817,1070,1323,1576,1829,2082,2335,2588,2841,3094,3347,3600,3853,4106,4359,4612,4865,5118,5371,5624,5877,6130,6383,6636,6889,7142,7395,7648,7901,8154,8407,8660,8913,9166,9419,9672,9925,10178,10431,10684,10937,11190,11443,11696,11949,12202,12455,12708,12961,13214,13467,13720,13973,14226,14479,14732,14985,15238,15491,15744,15997,16250,16503,16756,17009,17262,17515,17768,18021,18274,18527,18780,19033,19286,19539,19792,20045,20298,20551,20804,21057,21310,21563,21816,22069,22322,22575,22828,23081,23334,23587,23840,24093,24346,24599,24852,25105,25358,25611,25864,26117,26370,26623,26876,27129,27382,27635,27888,28141,28394,28647,28900,29153,29406,29659,29912,30165,30418,30671,30924,31177,31430,31683,31936,-31820,-31567,-31314,-31061,-30808,-30555,-30302,-30049,-29796,-29543,-29290,-29037,-28784,-28531,-28278,-28025,-27772,-27519,-27266,-27013,-26760,-26507,-26254,-26001,-25748,-25495,-25242,-24989,-24736,-24483,-24230,-23977,-23724,-23471,-23218,-22965,-22712,-22459,-22206,-21953,-21700,-21447,-21194,-20941,-20688,-20435,-20182,-19929,-19676,-19423,-19170,-18917,-18664,-18411,-18158,-17905,-17652,-17399,-17146,-16893,-16640,-16387,-16134,-15881,-15628,-15375,-15122,-14869,-14674,-14616,-14363,-14110,-13857,-13604,-13351,-13098,-12845,-12592,-12339,-12086,-11833,-11580,-11327,-11074,-10821,-10568,-10315,-10062,-9809,-9556,-9303,-9050,-8797,-8544,-8291,-8038,-7785,-7532,-7279,-7026,-6773,-6520,-6267,-6014,-5761,-5508,-5255,-5002,-4749,-4496,-4243,-3990,-3737,-3484,-3231,-2978,-2725,-2472,-2219,-1966,-1713,-1460,-1207,-954,-701,-448,-195
59,312,565,818,1071,1324,1577,1830,2083,2336,2589,2842,3095,3348,3601,3854,4107,4360,4613,4866,5119,5372,5625,5878,6131,6384,6637,6890,7143,7396,7649,7902,8155,8408,8661,8914,9167,9420,9673,9926,10179,10432,10685,10938,11191,11444,11697,11950,12203,12456,12709,12962,13215,13468,13721,13974,14227,14480,14733,14986,15239,15492,15745,15998,16251,16504,16757,17010,17263,17516,17769,18022,18275,18528,18781,19034,19287,19540,19793,20046,20299,20552,20805,21058,21311,21564,21817,22070,22323,22576,22829,23082,23335,23588,23841,24094,24347,24600,24853,25106,25359,25612,25865,26118,26371,26624,26877,27130,27383,27636,27889,28142,28395,28648,28901,29154,29407,29660,29913,30166,30419,30672,30925,31178,31431,31684,31937,-31819,-31566,-31313,-31060,-30807,-30554,-30301,-30048,-29795,-29542,-29289,-29036,-28783,-28530,-28277,-28024,-27771,-27518,-27265,-27012,-26759,-26506,-26253,-26000,-25747,-25494,-25241,-24988,-24735,-24482,-24229,-23976,-23723,-23470,-23217,-22964,-22711,-22458,-22205,-21952,-21699,-21446,-21193,-20940,-20687,-20434,-20181,-19928,-19675,-19422,-19169,-18916,-18663,-18410,-18157,-17904,-17651,-17398,-17145,-16892,-16639,-16386,-16133,-15880,-15627,-15374,-15121,-14927,-14868,-14615,-14362,-14109,-13856,-13603,-13350,-13097,-12844,-12591,-12338,-12085,-11832,-11579,-11326,-11073,-10820,-10567,-10314,-10061,-9808,-9555,-9302,-9049,-8796,-8543,-8290,-8037,-7784,-7531,-7278,-7025,-6772,-6519,-6266,-6013,-5760,-5507,-5254,-5001,-4748,-4495,-4242,-3989,-3736,-3483,-3230,-2977,-2724,-2471,-2218,-1965,-1712,-1459,-1206,-953,-700,-447,-194
60,313,566,819,1072,1325,1578,1831,2084,2337,2590,2843,3096,3349,3602,3855,4108,4361,4614,4867,5120,5373,5626,5879,6132,6385,6638,6891,7144,7397,7650,7903,8156,8409,8662,8915,9168,9421,9674,9927,10180,10433,10686,10939,11192,11445,11698,11951,12204,12457,12710,12963,13216,13469,13722,13975,14228,14481,14734,14987,15240,15493,15746,15999,16252,16505,16758,17011,17264,17517,17770,18023,18276,18529,18782,19035,19288,19541,19794,20047,20300,20553,20806,21059,21312,21565,21818,22071,22324,22577,22830,23083,23336,23589,23842,24095,24348,24601,24854,25107,25360,25613,25866,26119,26372,26625,26878,27131,27384,27637,27890,28143,28396,28649,28902,29155,29408,29661,29914,30167,30420,30673,30926,31179,31432,31685,31938,-31818,-31565,-31312,-31059,-30806,-30553,-30300,-30047,-29794,-29541,-29288,-29035,-28782,-28529,-28276,-28023,-27770,-27517,-27264,-27011,-26758,-26505,-26252,-25999,-25746,-25493,-25240,-24987,-24734,-24481,-24228,-23975,-23722,-23469,-23216,-22963,-22710,-22457,-22204,-21951,-21698,-21445,-21192,-20939,-20686,-20433,-20180,-19927,-19674,-19421,-19168,-18915,-18662,-18409,-18156,-17903,-17650,-17397,-17144,-16891,-16638,-16385,-16132,-15879,-15626,-15373,-15180,-15120,-14867,-14614,-14361,-14108,-13855,-13602,-13349,-13096,-12843,-12590,-12337,-12084,-11831,-11578,-11325,-11072,-10819,-10566,-10313,-10060,-9807,-9554,-9301,-9048,-8795,-8542,-8289,-8036,-7783,-7530,-7277,-7024,-6771,-6518,-6265,-6012,-5759,-5506,-5253,-5000,-4747,-4494,-4241,-3988,-3735,-3482,-3229,-2976,-2723,-2470,-2217,-1964,-1711,-1458,-1205,-952,-699,-446,-193
61,314,567,820,1073,1326,1579,1832,2085,2338,2591,2844,3097,3350,3603,3856,4109,4362,4615,4868,5121,5374,5627,5880,6133,6386,6639,6892,7145,7398,7651,7904,8157,8410,8663,8916,9169,9422,9675,9928,10181,10434,10687,10940,11193,11446,11699,11952,12205,12458,12711,12964,13217,13470,13723,13976,14229,14482,14735,14988,15241,15494,15747,16000,16253,16506,16759,17012,17265,17518,17771,18024,18277,18530,18783,19036,19289,19542,19795,20048,20301,20554,20807,21060,21313,21566,21819,22072,22325,22578,22831,23084,23337,23590,23843,24096,24349,24602,24855,25108,25361,25614,25867,26120,26373,26626,26879,27132,27385,27638,27891,28144,28397,28650,28903,29156,29409,29662,29915,30168,30421,30674,30927,31180,31433,31686,31939,-31817,-31564,-31311,-31058,-30805,-30552,-30299,-30046,-29793,-29540,-29287,-29034,-28781,-28528,-28275,-28022,-27769,-27516,-27263,-27010,-26757,-26504,-26251,-25998,-25745,-25492,-25239,-24986,-24733,-24480,-24227,-23974,-23721,-23468,-23215,-22962,-22709,-22456,-22203,-21950,-21697,-21444,-21191,-20938,-20685,-20432,-20179,-19926,-19673,-19420,-19167,-18914,-18661,-18408,-18155,-17902,-17649,-17396,-17143,-16890,-16637,-16384,-16131,-15878,-15625,-15433,-15372,-15119,-14866,-14613,-14360,-14107,-13854,-13601,-13348,-13095,-12842,-12589,-12336,-12083,-11830,-11577,-11324,-11071,-10818,-10565,-10312,-10059,-9806,-9553,-9300,-9047,-8794,-8541,-8288,-8035,-7782,-7529,-7276,-7023,-6770,-6517,-6264,-6011,-5758,-5505,-5252,-4999,-4746,-4493,-4240,-3987,-3734,-3481,-3228,-2975,-2722,-2469,-2216,-1963,-1710,-1457,-1204,-951,-698,-445,-192
62,315,568,821,1074,1327,1580,1833,2086,2339,2592,2845,3098,3351,3604,3857,4110,4363,4616,4869,5122,5375,5628,5881,6134,6387,6640,6893,7146,7399,7652,7905,8158,8411,8664,8917,9170,9423,9676,9929,10182,10435,10688,10941,11194,11447,11700,11953,12206,12459,12712,12965,13218,13471,13724,13977,14230,14483,14736,14989,15242,15495,15748,16001,16254,16507,16760,17013,17266,17519,17772,18025,18278,18531,18784,19037,19290,19543,19796,20049,20302,20555,20808,21061,21314,21567,21820,22073,22326,22579,22832,23085,23338,23591,23844,24097,24350,24603,24856,25109,25362,25615,25868,26121,26374,26627,26880,27133,27386,27639,27892,28145,28398,28651,28904,29157,29410,29663,29916,30169,30422,30675,30928,31181,31434,31687,31940,-31816,-31563,-31310,-31057,-30804,-30551,-30298,-30045,-29792,-29539,-29286,-29033,-28780,-28527,-28274,-28021,-27768,-27515,-27262,-27009,-26756,-26503,-26250,-25997,-25744,-25491,-25238,-24985,-24732,-24479,-24226,-23973,-23720,-23467,-23214,-22961,-22708,-22455,-22202,-21949,-21696,-21443,-21190,-20937,-20684,-20431,-20178,-19925,-19672,-19419,-19166,-18913,-18660,-18407,-18154,-17901,-17648,-17395,-17142,-16889,-16636,-16383,-16130,-15877,-15686,-15624,-15371,-15118,-14865,-14612,-14359,-14106,-13853,-13600,-13347,-13094,-12841,-12588,-12335,-12082,-11829,-11576,-11323,-11070,-10817,-10564,-10311,-10058,-9805,-9552,-9299,-9046,-8793,-8540,-8287,-8034,-7781,-7528,-7275,-7022,-6769,-6516,-6263,-6010,-5757,-5504,-5251,-4998,-4745,-4492,-4239,-3986,-3733,-3480,-3227,-2974,-2721,-2468,-2215,-1962,-1709,-1456,-1203,-950,-697,-444,-191
63,316,569,822,1075,1328,1581,1834,2087,2340,2593,2846,3099,3352,3605,3858,4111,4364,4617,4870,5123,5376,5629,5882,6135,6388,6641,6894,7147,7400,7653,7906,8159,8412,8665,8918,9171,9424,9677,9930,10183,10436,10689,10942,11195,11448,11701,11954,12207,12460,12713,12966,13219,13472,13725,13978,14231,14484,14737,14990,15243,15496,15749,16002,16255,16508,16761,17014,17267,17520,17773,18026,18279,18532,18785,19038,19291,19544,19797,20050,20303,20556,20809,21062,21315,21568,21821,22074,22327,22580,22833,23086,23339,23592,23845,24098,24351,24604,24857,25110,25363,25616,25869,26122,26375,26628,26881,27134,27387,27640,27893,28146,28399,28652,28905,29158,29411,29664,29917,30170,30423,30676,30929,31182,31435,31688,31941,-31815,-31562,-31309,-31056,-30803,-30550,-30297,-30044,-29791,-29538,-29285,-29032,-28779,-28526,-28273,-28020,-27767,-27514,-27261,-27008,-26755,-26502,-26249,-25996,-25743,-25490,-25237,-24984,-24731,-24478,-24225,-23972,-23719,-23466,-23213,-22960,-22707,-22454,-22201,-21948,-21695,-21442,-21189,-20936,-20683,-20430,-20177,-19924,-19671,-19418,-19165,-18912,-18659,-18406,-18153,-17900,-17647,-17394,-17141,-16888,-16635,-16382,-16129,-15939,-15876,-15623,-15370,-15117,-14864,-14611,-14358,-14105,-13852,-13599,-13346,-13093,-12840,-12587,-12334,-12081,-11828,-11575,-11322,-11069,-10816,-10563,-10310,-10057,-9804,-9551,-9298,-9045,-8792,-8539,-8286,-8033,-7780,-7527,-7274,-7021,-6768,-6515,-6262,-6009,-5756,-5503,-5250,-4997,-4744,-4491,-4238,-3985,-3732,-3479,-3226,-2973,-2720,-2467,-2214,-1961,-1708,-1455,-1202,-949,-696,-443,-190
64,317,570,823,1076,1329,1582,1835,2088,2341,2594,2847,3100,3353,3606,3859,4112,4365,4618,4871,5124,5377,5630,5883,6136,6389,6642,6895,7148,7401,7654,7907,8160,8413,8666,8919,9172,9425,9678,9931,10184,10437,10690,10943,11196,11449,11702,11955,12208,12461,12714,12967,13220,13473,13726,13979,14232,14485,14738,14991,15244,15497,15750,16003,16256,16509,16762,17015,17268,17521,17774,18027,18280,18533,18786,19039,19292,19545,19798,20051,20304,20557,20810,21063,21316,21569,21822,22075,22328,22581,22834,23087,23340,23593,23846,24099,24352,24605,24858,25111,25364,25617,25870,26123,26376,26629,26882,27135,27388,27641,27894,28147,28400,28653,28906,29159,29412,29665,29918,30171,30424,30677,30930,31183,31436,31689,31942,-31814,-31561,-31308,-31055,-30802,-30549,-30296,-30043,-29790,-29537,-29284,-29031,-28778,-28525,-28272,-28019,-27766,-27513,-27260,-27007,-26754,-26501,-26248,-25995,-25742,-25489,-25236,-24983,-24730,-24477,-24224,-23971,-23718,-23465,-23212,-22959,-22706,-22453,-22200,-21947,-21694,-21441,-21188,-20935,-20682,-20429,-20176,-19923,-19670,-19417,-19164,-18911,-18658,-18405,-18152,-17899,-17646,-17393,-17140,-16887,-16634,-16381,-16192,-16128,-15875,-15622,-15369,-15116,-14863,-14610,-14357,-14104,-13851,-13598,-13345,-13092,-12839,-12586,-12333,-12080,-11827,-11574,-11321,-11068,-10815,-10562,-10309,-10056,-9803,-9550,-9297,-9044,-8791,-8538,-8285,-8032,-7779,-7526,-7273,-7020,-6767,-6514,-6261,-6008,-5755,-5502,-5249,-4996,-4743,-4490,-4237,-3984,-3731,-3478,-3225,-2972,-2719,-2466,-2213,-1960,-1707,-1454,-1201,-948,-695,-442,-189
65,318,571,824,1077,1330,1583,1836,2089,2342,2595,2848,3101,3354,3607,3860,4113,4366,4619,4872,5125,5378,5631,5884,6137,6390,6643,6896,7149,7402,7655,7908,8161,8414,8667,8920,9173,9426,9679,9932,10185,10438,10691,10944,11197,11450,11703,11956,12209,12462,12715,12968,13221,13474,13727,13980,14233,14486,14739,14992,15245,15498,15751,16004,16257,16510,16763,17016,17269,17522,17775,18028,18281,18534,18787,19040,19293,19546,19799,20052,20305,20558,20811,21064,21317,21570,21823,22076,22329,22582,22835,23088,23341,23594,23847,24100,24353,24606,24859,25112,25365,25618,25871,26124,26377,26630,26883,27136,27389,27642,27895,28148,28401,28654,28907,29160,29413,29666,29919,30172,30425,30678,30931,31184,31437,31690,31943,-31813,-31560,-31307,-31054,-30801,-30548,-30295,-30042,-29789,-29536,-29283,-29030,-28777,-28524,-28271,-28018,-27765,-27512,-27259,-27006,-26753,-26500,-26247,-25994,-25741,-25488,-25235,-24982,-24729,-24476,-24223,-23970,-23717,-23464,-23211,-22958,-22705,-22452,-22199,-21946,-21693,-21440,-21187,-20934,-20681,-20428,-20175,-19922,-19669,-19416,-19163,-18910,-18657,-18404,-18151,-17898,-17645,-17392,-17139,-16886,-16633,-16445,-16380,-16127,-15874,-15621,-15368,-15115,-14862,-14609,-14356,-14103,-13850,-13597,-13344,-13091,-12838,-12585,-12332,-12079,-11826,-11573,-11320,-11067,-10814,-10561,-10308,-10055,-9802,-9549,-9296,-9043,-8790,-8537,-8284,-8031,-7778,-7525,-7272,-7019,-6766,-6513,-6260,-6007,-5754,-5501,-5248,-4995,-4742,-4489,-4236,-3983,-3730,-3477,-3224,-2971,-2718,-2465,-2212,-1959,-1706,-1453,-1200,-947,-694,-441,-188
66,319,572,825,1078,1331,1584,1837,2090,2343,2596,2849,3102,3355,3608,3861,4114,4367,4620,4873,5126,5379,5632,5885,6138,6391,6644,6897,7150,7403,7656,7909,8162,8415,8668,8921,9174,9427,9680,9933,10186,10439,10692,10945,11198,11451,11704,11957,12210,12463,12716,12969,13222,13475,13728,13981,14234,14487,14740,14993,15246,15499,15752,16005,16258,16511,16764,17017,17270,17523,17776,18029,18282,18535,18788,19041,19294,19547,19800,20053,20306,20559,20812,21065,21318,21571,21824,22077,22330,22583,22836,23089,23342,23595,23848,24101,24354,24607,24860,25113,25366,25619,25872,26125,26378,26631,26884,27137,27390,27643,27896,28149,28402,28655,28908,29161,29414,29667,29920,30173,30426,30679,30932,31185,31438,31691,31944,-31812,-31559,-31306,-31053,-30800,-30547,-30294,-30041,-29788,-29535,-29282,-29029,-28776,-28523,-28270,-28017,-27764,-27511,-27258,-27005,-26752,-26499,-26246,-25993,-25740,-25487,-25234,-24981,-24728,-24475,-24222,-23969,-23716,-23463,-23210,-22957,-22704,-22451,-22198,-21945,-21692,-21439,-21186,-20933,-20680,-20427,-20174,-19921,-19668,-19415,-19162,-18909,-18656,-18403,-18150,-17897,-17644,-17391,-17138,-16885,-16698,-16632,-16379,-16126,-15873,-15620,-15367,-15114,-14861,-14608,-14355,-14102,-13849,-13596,-13343,-13090,-12837,-12584,-12331,-12078,-11825,-11572,-11319,-11066,-10813,-10560,-10307,-10054,-9801,-9548,-9295,-9042,-8789,-8536,-8283,-8030,-7777,-7524,-7271,-7018,-6765,-6512,-6259,-6006,-5753,-5500,-5247,-4994,-4741,-4488,-4235,-3982,-3729,-3476,-3223,-2970,-2717,-2464,-2211,-1958,-1705,-1452,-1199,-946,-693,-440,-187
67,320,573,826,1079,1332,1585,1838,2091,2344,2597,2850,3103,3356,3609,3862,4115,4368,4621,4874,5127,5380,5633,5886,6139,6392,6645,6898,7151,7404,7657,7910,8163,8416,8669,8922,9175,9428,9681,9934,10187,10440,10693,10946,11199,11452,11705,11958,12211,12464,12717,12970,13223,13476,13729,13982,14235,14488,14741,14994,15247,15500,15753,16006,16259,16512,16765,17018,17271,17524,17777,18030,18283,18536,18789,19042,19295,19548,19801,20054,20307,20560,20813,21066,21319,21572,21825,22078,22331,22584,22837,23090,23343,23596,23849,24102,24355,24608,24861,25114,25367,25620,25873,26126,26379,26632,26885,27138,27391,27644,27897,28150,28403,28656,28909,29162,29415,29668,29921,30174,30427,30680,30933,31186,31439,31692,31945,-31811,-31558,-31305,-31052,-30799,-30546,-30293,-30040,-29787,-29534,-29281,-29028,-28775,-28522,-28269,-28016,-27763,-27510,-27257,-27004,-26751,-26498,-26245,-25992,-25739,-25486,-25233,-24980,-24727,-24474,-24221,-23968,-23715,-23462,-23209,-22956,-22703,-22450,-22197,-21944,-21691,-21438,-21185,-20932,-20679,-20426,-20173,-19920,-19667,-19414,-19161,-18908,-18655,-18402,-18149,-17896,-17643,-17390,-17137,-16951,-16884,-16631,-16378,-16125,-15872,-15619,-15366,-15113,-14860,-14607,-14354,-14101,-13848,-13595,-13342,-13089,-12836,-12583,-12330,-12077,-11824,-11571,-11318,-11065,-10812,-10559,-10306,-10053,-9800,-9547,-9294,-9041,-8788,-8535,-8282,-8029,-7776,-7523,-7270,-7017,-6764,-6511,-6258,-6005,-5752,-5499,-5246,-4993,-4740,-4487,-4234,-3981,-3728,-3475,-3222,-2969,-2716,-2463,-2210,-1957,-1704,-1451,-1198,-945,-692,-439,-186
68,321,574,827,1080,1333,1586,1839,2092,2345,2598,2851,3104,3357,3610,3863,4116,4369,4622,4875,5128,5381,5634,5887,6140,6393,6646,6899,7152,7405,7658,7911,8164,8417,8670,8923,9176,9429,9682,9935,10188,10441,10694,10947,11200,11453,11706,11959,12212,12465,12718,12971,13224,13477,13730,13983,14236,14489,14742,14995,15248,15501,15754,16007,16260,16513,16766,17019,17272,17525,17778,18031,18284,18537,18790,19043,19296,19549,19802,20055,20308,20561,20814,21067,21320,21573,21826,22079,22332,22585,22838,23091,23344,23597,23850,24103,24356,24609,24862,25115,25368,25621,25874,26127,26380,26633,26886,27139,27392,27645,27898,28151,28404,28657,28910,29163,29416,29669,29922,30175,30428,30681,30934,31187,31440,31693,31946,-31810,-31557,-31304,-31051,-30798,-30545,-30292,-30039,-29786,-29533,-29280,-29027,-28774,-28521,-28268,-28015,-27762,-27509,-27256,-27003,-26750,-26497,-26244,-25991,-25738,-25485,-25232,-24979,-24726,-24473,-24220,-23967,-23714,-23461,-23208,-22955,-22702,-22449,-22196,-21943,-21690,-21437,-21184,-20931,-20678,-20425,-20172,-19919,-19666,-19413,-19160,-18907,-18654,-18401,-18148,-17895,-17642,-17389,-17204,-17136,-16883,-16630,-16377,-16124,-15871,-15618,-15365,-15112,-14859,-14606,-14353,-14100,-13847,-13594,-13341,-13088,-12835,-12582,-12329,-12076,-11823,-11570,-11317,-11064,-10811,-10558,-10305,-10052,-9799,-9546,-9293,-9040,-8787,-8534,-8281,-8028,-7775,-7522,-7269,-7016,-6763,-6510,-6257,-6004,-5751,-5498,-5245,-4992,-4739,-4486,-4233,-3980,-3727,-3474,-3221,-2968,-2715,-2462,-2209,-1956,-1703,-1450,-1197,-944,-691,-438,-185
69,322,575,828,1081,1334,1587,1840,2093,2346,2599,2852,3105,3358,3611,3864,4117,4370,4623,4876,5129,5382,5635,5888,6141,6394,6647,6900,7153,7406,7659,7912,8165,8418,8671,8924,9177,9430,9683,9936,10189,10442,10695,10948,11201,11454,11707,11960,12213,12466,12719,12972,13225,13478,13731,13984,14237,14490,14743,14996,15249,15502,15755,16008,16261,16514,16767,17020,17273,17526,17779,18032,18285,18538,18791,19044,19297,19550,19803,20056,20309,20562,20815,21068,21321,21574,21827,22080,22333,22586,22839,23092,23345,23598,23851,24104,24357,24610,24863,25116,25369,25622,25875,26128,26381,26634,26887,27140,27393,27646,27899,28152,28405,28658,28911,29164,29417,29670,29923,30176,30429,30682,30935,31188,31441,31694,31947,-31809,-31556,-31303,-31050,-30797,-30544,-30291,-30038,-29785,-29532,-29279,-29026,-28773,-28520,-28267,-28014,-27761,-27508,-27255,-27002,-26749,-26496,-26243,-25990,-25737,-25484,-25231,-24978,-24725,-24472,-24219,-23966,-23713,-23460,-23207,-22954,-22701,-22448,-22195,-21942,-21689,-21436,-21183,-20930,-20677,-20424,-20171,-19918,-19665,-19412,-19159,-18906,-18653,-18400,-18147,-17894,-17641,-17457,-17388,-17135,-16882,-16629,-16376,-16123,-15870,-15617,-15364,-15111,-14858,-14605,-14352,-14099,-13846,-13593,-13340,-13087,-12834,-12581,-12328,-12075,-11822,-11569,-11316,-11063,-10810,-10557,-10304,-10051,-9798,-9545,-9292,-9039,-8786,-8533,-8280,-8027,-7774,-7521,-7268,-7015,-6762,-6509,-6256,-6003,-5750,-5497,-5244,-4991,-4738,-4485,-4232,-3979,-3726,-3473,-3220,-2967,-2714,-2461,-2208,-1955,-1702,-1449,-1196,-943,-690,-437,-184
70,323,576,829,1082,1335,1588,1841,2094,2347,2600,2853,3106,3359,3612,3865,4118,4371,4624,4877,5130,5383,5636,5889,6142,6395,6648,6901,7154,7407,7660,7913,8166,8419,8672,8925,9178,9431,9684,9937,10190,10443,10696,10949,11202,11455,11708,11961,12214,12467,12720,12973,13226,13479,13732,13985,14238,14491,14744,14997,15250,15503,15756,16009,16262,16515,16768,17021,17274,17527,17780,18033,18286,18539,18792,19045,19298,19551,19804,20057,20310,20563,20816,21069,21322,21575,21828,22081,22334,22587,22840,23093,23346,23599,23852,24105,24358,24611,24864,25117,25370,25623,25876,26129,26382,26635,26888,27141,27394,27647,27900,28153,28406,28659,28912,29165,29418,29671,29924,30177,30430,30683,30936,31189,31442,31695,31948,-31808,-31555,-31302,-31049,-30796,-30543,-30290,-30037,-29784,-29531,-29278,-29025,-28772,-28519,-28266,-28013,-27760,-27507,-27254,-27001,-26748,-26495,-26242,-25989,-25736,-25483,-25230,-24977,-24724,-24471,-24218,-23965,-23712,-23459,-23206,-22953,-22700,-22447,-22194,-21941,-21688,-21435,-21182,-20929,-20676,-20423,-20170,-19917,-19664,-19411,-19158,-18905,-18652,-18399,-18146,-17893,-17710,-17640,-17387,-17134,-16881,-16628,-16375,-16122,-15869,-15616,-15363,-15110,-14857,-14604,-14351,-14098,-13845,-13592,-13339,-13086,-12833,-12580,-12327,-12074,-11821,-11568,-11315,-11062,-10809,-10556,-10303,-10050,-9797,-9544,-9291,-9038,-8785,-8532,-8279,-8026,-7773,-7520,-7267,-7014,-6761,-6508,-6255,-6002,-5749,-5496,-5243,-4990,-4737,-4484,-4231,-3978,-3725,-3472,-3219,-2966,-2713,-2460,-2207,-1954,-1701,-1448,-1195,-942,-689,-436,-183
71,324,577,830,1083,1336,1589,1842,2095,2348,2601,2854,3107,3360,3613,3866,4119,4372,4625,4878,5131,5384,5637,5890,6143,6396,6649,6902,7155,7408,7661,7914,8167,8420,8673,8926,9179,9432,9685,9938,10191,10444,10697,10950,11203,11456,11709,11962,12215,12468,12721,12974,13227,13480,13733,13986,14239,14492,14745,14998,15251,15504,15757,16010,16263,16516,16769,17022,17275,17528,17781,18034,18287,18540,18793,19046,19299,19552,19805,20058,20311,20564,20817,21070,21323,21576,21829,22082,22335,22588,22841,23094,23347,23600,23853,24106,24359,24612,24865,25118,25371,25624,25877,26130,26383,26636,26889,27142,27395,27648,27901,28154,28407,28660,28913,29166,29419,29672,29925,30178,30431,30684,30937,31190,31443,31696,31949,-31807,-31554,-31301,-31048,-30795,-30542,-30289,-30036,-29783,-29530,-29277,-29024,-28771,-28518,-28265,-28012,-27759,-27506,-27253,-27000,-26747,-26494,-26241,-25988,-25735,-25482,-25229,-24976,-24723,-24470,-24217,-23964,-23711,-23458,-23205,-22952,-22699,-22446,-22193,-21940,-21687,-21434,-21181,-20928,-20675,-20422,-20169,-19916,-19663,-19410,-19157,-18904,-18651,-18398,-18145,-17963,-17892,-17639,-17386,-17133,-16880,-16627,-16374,-16121,-15868,-15615,-15362,-15109,-14856,-14603,-14350,-14097,-13844,-13591,-13338,-13085,-12832,-12579,-12326,-12073,-11820,-11567,-11314,-11061,-10808,-10555,-10302,-10049,-9796,-9543,-9290,-9037,-8784,-8531,-8278,-8025,-7772,-7519,-7266,-7013,-6760,-6507,-6254,-6001,-5748,-5495,-5242,-4989,-4736,-4483,-4230,-3977,-3724,-3471,-3218,-2965,-2712,-2459,-2206,-1953,-1700,-1447,-1194,-941,-688,-435,-182
72,325,578,831,1084,1337,1590,1843,2096,2349,2602,2855,3108,3361,3614,3867,4120,4373,4626,4879,5132,5385,5638,5891,6144,6397,6650,6903,7156,7409,7662,7915,8168,8421,8674,8927,9180,9433,9686,9939,10192,10445,10698,10951,11204,11457,11710,11963,12216,12469,12722,12975,13228,13481,13734,13987,14240,14493,14746,14999,15252,15505,15758,16011,16264,16517,16770,17023,17276,17529,17782,18035,18288,18541,18794,19047,19300,19553,19806,20059,20312,20565,20818,21071,21324,21577,21830,22083,22336,22589,22842,23095,23348,23601,23854,24107,24360,24613,24866,25119,25372,25625,25878,26131,26384,26637,26890,27143,27396,27649,27902,28155,28408,28661,28914,29167,29420,29673,29926,30179,30432,30685,30938,31191,31444,31697,31950,-31806,-31553,-31300,-31047,-30794,-30541,-30288,-30035,-29782,-29529,-29276,-29023,-28770,-28517,-28264,-28011,-27758,-27505,-27252,-26999,-26746,-26493,-26240,-25987,-25734,-25481,-25228,-24975,-24722,-24469,-24216,-23963,-23710,-23457,-23204,-22951,-22698,-22445,-22192,-21939,-21686,-21433,-21180,-20927,-20674,-20421,-20168,-19915,-19662,-19409,-19156,-18903,-18650,-18397,-18216,-18144,-17891,-17638,-17385,-17132,-16879,-16626,-16373,-16120,-15867,-15614,-15361,-15108,-14855,-14602,-14349,-14096,-13843,-13590,-13337,-13084,-12831,-12578,-12325,-12072,-11819,-11566,-11313,-11060,-10807,-10554,-10301,-10048,-9795,-9542,-9289,-9036,-8783,-8530,-8277,-8024,-7771,-7518,-7265,-7012,-6759,-6506,-6253,-6000,-5747,-5494,-5241,-4988,-4735,-4482,-4229,-3976,-3723,-3470,-3217,-2964,-2711,-2458,-2205,-1952,-1699,-1446,-1193,-940,-687,-434,-181
73,326,579,832,1085,1338,1591,1844,2097,2350,2603,2856,3109,3362,3615,3868,4121,4374,4627,4880,5133,5386,5639,5892,6145,6398,6651,6904,7157,7410,7663,7916,8169,8422,8675,8928,9181,9434,9687,9940,10193,10446,10699,10952,11205,11458,11711,11964,12217,12470,12723,12976,13229,13482,13735,13988,14241,14494,14747,15000,15253,15506,15759,16012,16265,16518,16771,17024,17277,17530,17783,18036,18289,18542,18795,19048,19301,19554,19807,20060,20313,20566,20819,21072,21325,21578,21831,22084,22337,22590,22843,23096,23349,23602,23855,24108,24361,24614,24867,25120,25373,25626,25879,26132,26385,26638,26891,27144,27397,27650,27903,28156,28409,28662,28915,29168,29421,29674,29927,30180,30433,30686,30939,31192,31445,31698,31951,-31805,-31552,-31299,-31046,-30793,-30540,-30287,-30034,-29781,-29528,-29275,-29022,-28769,-28516,-28263,-28010,-27757,-27504,-27251,-26998,-26745,-26492,-26239,-25986,-25733,-25480,-25227,-24974,-24721,-24468,-24215,-23962,-23709,-23456,-23203,-22950,-22697,-22444,-22191,-21938,-21685,-21432,-21179,-20926,-20673,-20420,-20167,-19914,-19661,-19408,-19155,-18902,-18649,-18469,-18396,-18143,-17890,-17637,-17384,-17131,-16878,-16625,-16372,-16119,-15866,-15613,-15360,-15107,-14854,-14601,-14348,-14095,-13842,-13589,-13336,-13083,-12830,-12577,-12324,-12071,-11818,-11565,-11312,-11059,-10806,-10553,-10300,-10047,-9794,-9541,-9288,-9035,-8782,-8529,-8276,-8023,-7770,-7517,-7264,-7011,-6758,-6505,-6252,-5999,-5746,-5493,-5240,-4987,-4734,-4481,-4228,-3975,-3722,-3469,-3216,-2963,-2710,-2457,-2204,-1951,-1698,-1445,-1192,-939,-686,-433,-180
74,327,580,833,1086,1339,1592,1845,2098,2351,2604,2857,3110,3363,3616,3869,4122,4375,4628,4881,5134,5387,5640,5893,6146,6399,6652,6905,7158,7411,7664,7917,8170,8423,8676,8929,9182,9435,9688,9941,10194,10447,10700,10953,11206,11459,11712,11965,12218,12471,12724,12977,13230,13483,13736,13989,14242,14495,14748,15001,15254,15507,15760,16013,16266,16519,16772,17025,17278,17531,17784,18037,18290,18543,18796,19049,19302,19555,19808,20061,20314,20567,20820,21073,21326,21579,21832,22085,22338,22591,22844,23097,23350,23603,23856,24109,24362,24615,24868,25121,25374,25627,25880,26133,26386,26639,26892,27145,27398,27651,27904,28157,28410,28663,28916,29169,29422,29675,29928,30181,30434,30687,30940,31193,31446,31699,31952,-31804,-31551,-31298,-31045,-30792,-30539,-30286,-30033,-29780,-29527,-29274,-29021,-28768,-28515,-28262,-28009,-27756,-27503,-27250,-26997,-26744,-26491,-26238,-25985,-25732,-25479,-25226,-24973,-24720,-24467,-24214,-23961,-23708,-23455,-23202,-22949,-22696,-22443,-22190,-21937,-21684,-21431,-21178,-20925,-20672,-20419,-20166,-19913,-19660,-19407,-19154,-18901,-18722,-18648,-18395,-18142,-17889,-17636,-17383,-17130,-16877,-16624,-16371,-16118,-15865,-15612,-15359,-15106,-14853,-14600,-14347,-14094,-13841,-13588,-13335,-13082,-12829,-12576,-12323,-12070,-11817,-11564,-11311,-11058,-10805,-10552,-10299,-10046,-9793,-9540,-9287,-9034,-8781,-8528,-8275,-8022,-7769,-7516,-7263,-7010,-6757,-6504,-6251,-5998,-5745,-5492,-5239,-4986,-4733,-4480,-4227,-3974,-3721,-3468,-3215,-2962,-2709,-2456,-2203,-1950,-1697,-1444,-1191,-938,-685,-432,-179
75,328,581,834,1087,1340,1593,1846,2099,2352,2605,2858,3111,3364,3617,3870,4123,4376,4629,4882,5135,5388,5641,5894,6147,6400,6653,6906,7159,7412,7665,7918,8171,8424,8677,8930,9183,9436,9689,9942,10195,10448,10701,10954,11207,11460,11713,11966,12219,12472,12725,12978,13231,13484,13737,13990,14243,14496,14749,15002,15255,15508,15761,16014,16267,16520,16773,17026,17279,17532,17785,18038,18291,18544,18797,19050,19303,19556,19809,20062,20315,20568,20821,21074,21327,21580,21833,22086,22339,22592,22845,23098,23351,23604,23857,24110,24363,24616,24869,25122,25375,25628,25881,26134,26387,26640,26893,27146,27399,27652,27905,28158,28411,28664,28917,29170,29423,29676,29929,30182,30435,30688,30941,31194,31447,31700,31953,-31803,-31550,-31297,-31044,-30791,-30538,-30285,-30032,-29779,-29526,-29273,-29020,-28767,-28514,-28261,-28008,-27755,-27502,-27249,-26996,-26743,-26490,-26237,-25984,-25731,-25478,-25225,-24972,-24719,-24466,-24213,-23960,-23707,-23454,-23201,-22948,-22695,-22442,-22189,-21936,-21683,-21430,-21177,-20924,-20671,-20418,-20165,-19912,-19659,-19406,-19153,-18975,-18900,-18647,-18394,-18141,-17888,-17635,-17382,-17129,-16876,-16623,-16370,-16117,-15864,-15611,-15358,-15105,-14852,-14599,-14346,-14093,-13840,-13587,-13334,-13081,-12828,-12575,-12322,-12069,-11816,-11563,-11310,-11057,-10804,-10551,-10298,-10045,-9792,-9539,-9286,-9033,-8780,-8527,-8274,-8021,-7768,-7515,-7262,-7009,-6756,-6503,-6250,-5997,-5744,-5491,-5238,-4985,-4732,-4479,-4226,-3973,-3720,-3467,-3214,-2961,-2708,-2455,-2202,-1949,-1696,-1443,-1190,-937,-684,-431,-178
76,329,582,835,1088,1341,1594,1847,2100,2353,2606,2859,3112,3365,3618,3871,4124,4377,4630,4883,5136,5389,5642,5895,6148,6401,6654,6907,7160,7413,7666,7919,8172,8425,8678,8931,9184,9437,9690,9943,10196,10449,10702,10955,11208,11461,11714,11967,12220,12473,12726,12979,13232,13485,13738,13991,14244,14497,14750,15003,15256,15509,15762,16015,16268,16521,16774,17027,17280,17533,17786,18039,18292,18545,18798,19051,19304,19557,19810,20063,20316,20569,20822,21075,21328,21581,21834,22087,22340,22593,22846,23099,23352,23605,23858,24111,24364,24617,24870,25123,25376,25629,25882,26135,26388,26641,26894,27147,27400,27653,27906,28159,28412,28665,28918,29171,29424,29677,29930,30183,30436,30689,30942,31195,31448,31701,31954,-31802,-31549,-31296,-31043,-30790,-30537,-30284,-30031,-29778,-29525,-29272,-29019,-28766,-28513,-28260,-28007,-27754,-27501,-27248,-26995,-26742,-26489,-26236,-25983,-25730,-25477,-25224,-24971,-24718,-24465,-24212,-23959,-23706,-23453,-23200,-22947,-22694,-22441,-22188,-21935,-21682,-21429,-21176,-20923,-20670,-20417,-20164,-19911,-19658,-19405,-19228,-19152,-18899,-18646,-18393,-18140,-17887,-17634,-17381,-17128,-16875,-16622,-16369,-16116,-15863,-15610,-15357,-15104,-14851,-14598,-14345,-14092,-13839,-13586,-13333,-13080,-12827,-12574,-12321,-12068,-11815,-11562,-11309,-11056,-10803,-10550,-10297,-10044,-9791,-9538,-9285,-9032,-8779,-8526,-8273,-8020,-7767,-7514,-7261,-7008,-6755,-6502,-6249,-5996,-5743,-5490,-5237,-4984,-4731,-4478,-4225,-3972,-3719,-3466,-3213,-2960,-2707,-2454,-2201,-1948,-1695,-1442,-1189,-936,-683,-430,-177
77,330,583,836,1089,1342,1595,1848,2101,2354,2607,2860,3113,3366,3619,3872,4125,4378,4631,4884,5137,5390,5643,5896,6149,6402,6655,6908,7161,7414,7667,7920,8173,8426,8679,8932,9185,9438,9691,9944,10197,10450,10703,10956,11209,11462,11715,11968,12221,12474,12727,12980,13233,13486,13739,13992,14245,14498,14751,15004,15257,15510,15763,16016,16269,16522,16775,17028,17281,17534,17787,18040,18293,18546,18799,19052,19305,19558,19811,20064,20317,20570,20823,21076,21329,21582,21835,22088,22341,22594,22847,23100,23353,23606,23859,24112,24365,24618,24871,25124,25377,25630,25883,26136,26389,26642,26895,27148,27401,27654,27907,28160,28413,28666,28919,29172,29425,29678,29931,30184,30437,30690,30943,31196,31449,31702,31955,-31801,-31548,-31295,-31042,-30789,-30536,-30283,-30030,-29777,-29524,-29271,-29018,-28765,-28512,-28259,-28006,-27753,-27500,-27247,-26994,-26741,-26488,-26235,-25982,-25729,-25476,-25223,-24970,-24717,-24464,-24211,-23958,-23705,-23452,-23199,-22946,-22693,-22440,-22187,-21934,-21681,-21428,-21175,-20922,-20669,-20416,-20163,-19910,-19657,-19481,-19404,-19151,-18898,-18645,-18392,-18139,-17886,-17633,-17380,-17127,-16874,-16621,-16368,-16115,-15862,-15609,-15356,-15103,-14850,-14597,-14344,-14091,-13838,-13585,-13332,-13079,-12826,-12573,-12320,-12067,-11814,-11561,-11308,-11055,-10802,-10549,-10296,-10043,-9790,-9537,-9284,-9031,-8778,-8525,-8272,-8019,-7766,-7513,-7260,-7007,-6754,-6501,-6248,-5995,-5742,-5489,-5236,-4983,-4730,-4477,-4224,-3971,-3718,-3465,-3212,-2959,-2706,-2453,-2200,-1947,-1694,-1441,-1188,-935,-682,-429,-176
78,331,584,837,1090,1343,1596,1849,2102,2355,2608,2861,3114,3367,3620,3873,4126,4379,4632,4885,5138,5391,5644,5897,6150,6403,6656,6909,7162,7415,7668,7921,8174,8427,8680,8933,9186,9439,9692,9945,10198,10451,10704,10957,11210,11463,11716,11969,12222,12475,12728,12981,13234,13487,13740,13993,14246,14499,14752,15005,15258,15511,15764,16017,16270,16523,16776,17029,17282,17535,17788,18041,18294,18547,18800,19053,19306,19559,19812,20065,20318,20571,20824,21077,21330,21583,21836,22089,22342,22595,22848,23101,23354,23607,23860,24113,24366,24619,24872,25125,25378,25631,25884,26137,26390,26643,26896,27149,27402,27655,27908,28161,28414,28667,28920,29173,29426,29679,29932,30185,30438,30691,30944,31197,31450,31703,31956,-31800,-31547,-31294,-31041,-30788,-30535,-30282,-30029,-29776,-29523,-29270,-29017,-28764,-28511,-28258,-28005,-27752,-27499,-27246,-26993,-26740,-26487,-26234,-25981,-25728,-25475,-25222,-24969,-24716,-24463,-24210,-23957,-23704,-23451,-23198,-22945,-22692,-22439,-22186,-21933,-21680,-21427,-21174,-20921,-20668,-20415,-20162,-19909,-19734,-19656,-19403,-19150,-18897,-18644,-18391,-18138,-17885,-17632,-17379,-17126,-16873,-16620,-16367,-16114,-15861,-15608,-15355,-15102,-14849,-14596,-14343,-14090,-13837,-13584,-13331,-13078,-12825,-12572,-12319,-12066,-11813,-11560,-11307,-11054,-10801,-10548,-10295,-10042,-9789,-9536,-9283,-9030,-8777,-8524,-8271,-8018,-7765,-7512,-7259,-7006,-6753,-6500,-6247,-5994,-5741,-5488,-5235,-4982,-4729,-4476,-4223,-3970,-3717,-3464,-3211,-2958,-2705,-2452,-2199,-1946,-1693,-1440,-1187,-934,-681,-428,-175
79,332,585,838,1091,1344,1597,1850,2103,2356,2609,2862,3115,3368,3621,3874,4127,4380,4633,4886,5139,5392,5645,5898,6151,6404,6657,6910,7163,7416,7669,7922,8175,8428,8681,8934,9187,9440,9693,9946,10199,10452,10705,10958,11211,11464,11717,11970,12223,12476,12729,12982,13235,13488,13741,13994,14247,14500,14753,15006,15259,15512,15765,16018,16271,16524,16777,17030,17283,17536,17789,18042,18295,18548,18801,19054,19307,19560,19813,20066,20319,20572,20825,21078,21331,21584,21837,22090,22343,22596,22849,23102,23355,23608,23861,24114,24367,24620,24873,25126,25379,25632,25885,26138,26391,26644,26897,27150,27403,27656,27909,28162,28415,28668,28921,29174,29427,29680,29933,30186,30439,30692,30945,31198,31451,31704,31957,-31799,-31546,-31293,-31040,-30787,-30534,-30281,-30028,-29775,-29522,-29269,-29016,-28763,-28510,-28257,-28004,-27751,-27498,-27245,-26992,-26739,-26486,-26233,-25980,-25727,-25474,-25221,-24968,-24715,-24462,-24209,-23956,-23703,-23450,-23197,-22944,-22691,-22438,-22185,-21932,-21679,-21426,-21173,-20920,-20667,-20414,-20161,-19987,-19908,-19655,-19402,-19149,-18896,-18643,-18390,-18137,-17884,-17631,-17378,-17125,-16872,-16619,-16366,-16113,-15860,-15607,-15354,-15101,-14848,-14595,-14342,-14089,-13836,-13583,-13330,-13077,-12824,-12571,-12318,-12065,-11812,-11559,-11306,-11053,-10800,-10547,-10294,-10041,-9788,-9535,-9282,-9029,-8776,-8523,-8270,-8017,-7764,-7511,-7258,-7005,-6752,-6499,-6246,-5993,-5740,-5487,-5234,-4981,-4728,-4475,-4222,-3969,-3716,-3463,-3210,-2957,-2704,-2451,-2198,-1945,-1692,-1439,-1186,-933,-680,-427,-174
80,333,586,839,1092,1345,1598,1851,2104,2357,2610,2863,3116,3369,3622,3875,4128,4381,4634,4887,5140,5393,5646,5899,6152,6405,6658,6911,7164,7417,7670,7923,8176,8429,8682,8935,9188,9441,9694,9947,10200,10453,10706,10959,11212,11465,11718,11971,12224,12477,12730,12983,13236,13489,13742,13995,14248,14501,14754,15007,15260,15513,15766,16019,16272,16525,16778,17031,17284,17537,17790,18043,18296,18549,18802,19055,19308,19561,19814,20067,20320,20573,20826,21079,21332,21585,21838,22091,22344,22597,22850,23103,23356,23609,23862,24115,24368,24621,24874,25127,25380,25633,25886,26139,26392,26645,26898,27151,27404,27657,27910,28163,28416,28669,28922,29175,29428,29681,29934,30187,30440,30693,30946,31199,31452,31705,31958,-31798,-31545,-31292,-31039,-30786,-30533,-30280,-30027,-29774,-29521,-29268,-29015,-28762,-28509,-28256,-28003,-27750,-27497,-27244,-26991,-26738,-26485,-26232,-25979,-25726,-25473,-25220,-24967,-24714,-24461,-24208,-23955,-23702,-23449,-23196,-22943,-22690,-22437,-22184,-21931,-21678,-21425,-21172,-20919,-20666,-20413,-20240,-20160,-19907,-19654,-19401,-19148,-18895,-18642,-18389,-18136,-17883,-17630,-17377,-17124,-16871,-16618,-16365,-16112,-15859,-15606,-15353,-15100,-14847,-14594,-14341,-14088,-13835,-13582,-13329,-13076,-12823,-12570,-12317,-12064,-11811,-11558,-11305,-11052,-10799,-10546,-10293,-10040,-9787,-9534,-9281,-9028,-8775,-8522,-8269,-8016,-7763,-7510,-7257,-7004,-6751,-6498,-6245,-5992,-5739,-5486,-5233,-4980,-4727,-4474,-4221,-3968,-3715,-3462,-3209,-2956,-2703,-2450,-2197,-1944,-1691,-1438,-1185,-932,-679,-426,-173
81,334,587,840,1093,1346,1599,1852,2105,2358,2611,2864,3117,3370,3623,3876,4129,4382,4635,4888,5141,5394,5647,5900,6153,6406,6659,6912,7165,7418,7671,7924,8177,8430,8683,8936,9189,9442,9695,9948,10201,10454,10707,10960,11213,11466,11719,11972,12225,12478,12731,12984,13237,13490,13743,13996,14249,14502,14755,15008,15261,15514,15767,16020,16273,16526,16779,17032,17285,17538,17791,18044,18297,18550,18803,19056,19309,19562,19815,20068,20321,20574,20827,21080,21333,21586,21839,22092,22345,22598,22851,23104,23357,23610,23863,24116,24369,24622,24875,25128,25381,25634,25887,26140,26393,26646,26899,27152,27405,27658,27911,28164,28417,28670,28923,29176,29429,29682,29935,30188,30441,30694,30947,31200,31453,31706,31959,-31797,-31544,-31291,-31038,-30785,-30532,-30279,-30026,-29773,-29520,-29267,-29014,-28761,-28508,-28255,-28002,-27749,-27496,-27243,-26990,-26737,-26484,-26231,-25978,-25725,-25472,-25219,-24966,-24713,-24460,-24207,-23954,-23701,-23448,-23195,-22942,-22689,-22436,-22183,-21930,-21677,-21424,-21171,-20918,-20665,-20493,-20412,-20159,-19906,-19653,-19400,-19147,-18894,-18641,-18388,-18135,-17882,-17629,-17376,-17123,-16870,-16617,-16364,-16111,-15858,-15605,-15352,-15099,-14846,-14593,-14340,-14087,-13834,-13581,-13328,-13075,-12822,-12569,-12316,-12063,-11810,-11557,-11304,-11051,-10798,-10545,-10292,-10039,-9786,-9533,-9280,-9027,-8774,-8521,-8268,-8015,-7762,-7509,-7256,-7003,-6750,-6497,-6244,-5991,-5738,-5485,-5232,-4979,-4726,-4473,-4220,-3967,-3714,-3461,-3208,-2955,-2702,-2449,-2196,-1943,-1690,-1437,-1184,-931,-678,-425,-172
82,335,588,841,1094,1347,1600,1853,2106,2359,2612,2865,3118,3371,3624,3877,4130,4383,4636,4889,5142,5395,5648,5901,6154,6407,6660,6913,7166,7419,7672,7925,8178,8431,8684,8937,9190,9443,9696,9949,10202,10455,10708,10961,11214,11467,11720,11973,12226,12479,12732,12985,13238,13491,13744,13997,14250,14503,14756,15009,15262,15515,15768,16021,16274,16527,16780,17033,17286,17539,17792,18045,18298,18551,18804,19057,19310,19563,19816,20069,20322,20575,20828,21081,21334,21587,21840,22093,22346,22599,22852,23105,23358,23611,23864,24117,24370,24623,24876,25129,25382,25635,25888,26141,26394,26647,26900,27153,27406,27659,27912,28165,28418,28671,28924,29177,29430,29683,29936,30189,30442,30695,30948,31201,31454,31707,31960,-31796,-31543,-31290,-31037,-30784,-30531,-30278,-30025,-29772,-29519,-29266,-29013,-28760,-28507,-28254,-28001,-27748,-27495,-27242,-26989,-26736,-26483,-26230,-25977,-25724,-25471,-25218,-24965,-24712,-24459,-24206,-23953,-23700,-23447,-23194,-22941,-22688,-22435,-22182,-21929,-21676,-21423,-21170,-20917,-20746,-20664,-20411,-20158,-19905,-19652,-19399,-19146,-18893,-18640,-18387,-18134,-17881,-17628,-17375,-17122,-16869,-16616,-16363,-16110,-15857,-15604,-15351,-15098,-14845,-14592,-14339,-14086,-13833,-13580,-13327,-13074,-12821,-12568,-12315,-12062,-11809,-11556,-11303,-11050,-10797,-10544,-10291,-10038,-9785,-9532,-9279,-9026,-8773,-8520,-8267,-8014,-7761,-7508,-7255,-7002,-6749,-6496,-6243,-5990,-5737,-5484,-5231,-4978,-4725,-4472,-4219,-3966,-3713,-3460,-3207,-2954,-2701,-2448,-2195,-1942,-1689,-1436,-1183,-930,-677,-424,-171
83,336,589,842,1095,1348,1601,1854,2107,2360,2613,2866,3119,3372,3625,3878,4131,4384,4637,4890,5143,5396,5649,5902,6155,6408,6661,6914,7167,7420,7673,7926,8179,8432,8685,8938,9191,9444,9697,9950,10203,10456,10709,10962,11215,11468,11721,11974,12227,12480,12733,12986,13239,13492,13745,13998,14251,14504,14757,15010,15263,15516,15769,16022,16275,16528,16781,17034,17287,17540,17793,18046,18299,18552,18805,19058,19311,19564,19817,20070,20323,20576,20829,21082,21335,21588,21841,22094,22347,22600,22853,23106,23359,23612,23865,24118,24371,24624,24877,25130,25383,25636,25889,26142,26395,26648,26901,27154,27407,27660,27913,28166,28419,28672,28925,29178,29431,29684,29937,30190,30443,30696,30949,31202,31455,31708,31961,-31795,-31542,-31289,-31036,-30783,-30530,-30277,-30024,-29771,-29518,-29265,-29012,-28759,-28506,-28253,-28000,-27747,-27494,-27241,-26988,-26735,-26482,-26229,-25976,-25723,-25470,-25217,-24964,-24711,-24458,-24205,-23952,-23699,-23446,-23193,-22940,-22687,-22434,-22181,-21928,-21675,-21422,-21169,-20999,-20916,-20663,-20410,-20157,-19904,-19651,-19398,-19145,-18892,-18639,-18386,-18133,-17880,-17627,-17374,-17121,-16868,-16615,-16362,-16109,-15856,-15603,-15350,-15097,-14844,-14591,-14338,-14085,-13832,-13579,-13326,-13073,-12820,-12567,-12314,-12061,-11808,-11555,-11302,-11049,-10796,-10543,-10290,-10037,-9784,-9531,-9278,-9025,-8772,-8519,-8266,-8013,-7760,-7507,-7254,-7001,-6748,-6495,-6242,-5989,-5736,-5483,-5230,-4977,-4724,-4471,-4218,-3965,-3712,-3459,-3206,-2953,-2700,-2447,-2194,-1941,-1688,-1435,-1182,-929,-676,-423,-170
84,337,590,843,1096,1349,1602,1855,2108,2361,2614,2867,3120,3373,3626,3879,4132,4385,4638,4891,5144,5397,5650,5903,6156,6409,6662,6915,7168,7421,7674,7927,8180,8433,8686,8939,9192,9445,9698,9951,10204,10457,10710,10963,11216,11469,11722,11975,12228,12481,12734,12987,13240,13493,13746,13999,14252,14505,14758,15011,15264,15517,15770,16023,16276,16529,16782,17035,17288,17541,17794,18047,18300,18553,18806,19059,19312,19565,19818,20071,20324,20577,20830,21083,21336,21589,21842,22095,22348,22601,22854,23107,23360,23613,23866,24119,24372,24625,24878,25131,25384,25637,25890,26143,26396,26649,26902,27155,27408,27661,27914,28167,28420,28673,28926,29179,29432,29685,29938,30191,30444,30697,30950,31203,31456,31709,31962,-31794,-31541,-31288,-31035,-30782,-30529,-30276,-30023,-29770,-29517,-29264,-29011,-28758,-28505,-28252,-27999,-27746,-27493,-27240,-26987,-26734,-26481,-26228,-25975,-25722,-25469,-25216,-24963,-24710,-24457,-24204,-23951,-23698,-23445,-23192,-22939,-22686,-22433,-22180,-21927,-21674,-21421,-21252,-21168,-20915,-20662,-20409,-20156,-19903,-19650,-19397,-19144,-18891,-18638,-18385,-18132,-17879,-17626,-17373,-17120,-16867,-16614,-16361,-16108,-15855,-15602,-15349,-15096,-14843,-14590,-14337,-14084,-13831,-13578,-13325,-13072,-12819,-12566,-12313,-12060,-11807,-11554,-11301,-11048,-10795,-10542,-10289,-10036,-9783,-9530,-9277,-9024,-8771,-8518,-8265,-8012,-7759,-7506,-7253,-7000,-6747,-6494,-6241,-5988,-5735,-5482,-5229,-4976,-4723,-4470,-4217,-3964,-3711,-3458,-3205,-2952,-2699,-2446,-2193,-1940,-1687,-1434,-1181,-928,-675,-422,-169
85,338,591,844,1097,1350,1603,1856,2109,2362,2615,2868,3121,3374,3627,3880,4133,4386,4639,4892,5145,5398,5651,5904,6157,6410,6663,6916,7169,7422,7675,7928,8181,8434,8687,8940,9193,9446,9699,9952,10205,10458,10711,10964,11217,11470,11723,11976,12229,12482,12735,12988,13241,13494,13747,14000,14253,14506,14759,15012,15265,15518,15771,16024,16277,16530,16783,17036,17289,17542,17795,18048,18301,18554,18807,19060,19313,19566,19819,20072,20325,20578,20831,21084,21337,21590,21843,22096,22349,22602,22855,23108,23361,23614,23867,24120,24373,24626,24879,25132,25385,25638,25891,26144,26397,26650,26903,27156,27409,27662,27915,28168,28421,28674,28927,29180,29433,29686,29939,30192,30445,30698,30951,31204,31457,31710,31963,-31793,-31540,-31287,-31034,-30781,-30528,-30275,-30022,-29769,-29516,-29263,-29010,-28757,-28504,-28251,-27998,-27745,-27492,-27239,-26986,-26733,-26480,-26227,-25974,-25721,-25468,-25215,-24962,-24709,-24456,-24203,-23950,-23697,-23444,-23191,-22938,-22685,-22432,-22179,-21926,-21673,-21505,-21420,-21167,-20914,-20661,-20408,-20155,-19902,-19649,-19396,-19143,-18890,-18637,-18384,-18131,-17878,-17625,-17372,-17119,-16866,-16613,-16360,-16107,-15854,-15601,-15348,-15095,-14842,-14589,-14336,-14083,-13830,-13577,-13324,-13071,-12818,-12565,-12312,-12059,-11806,-11553,-11300,-11047,-10794,-10541,-10288,-10035,-9782,-9529,-9276,-9023,-8770,-8517,-8264,-8011,-7758,-7505,-7252,-6999,-6746,-6493,-6240,-5987,-5734,-5481,-5228,-4975,-4722,-4469,-4216,-3963,-3710,-3457,-3204,-2951,-2698,-2445,-2192,-1939,-1686,-1433,-1180,-927,-674,-421,-168
86,339,592,845,1098,1351,1604,1857,2110,2363,2616,2869,3122,3375,3628,3881,4134,4387,4640,4893,5146,5399,5652,5905,6158,6411,6664,6917,7170,7423,7676,7929,8182,8435,8688,8941,9194,9447,9700,9953,10206,10459,10712,10965,11218,11471,11724,11977,12230,12483,12736,12989,13242,13495,13748,14001,14254,14507,14760,15013,15266,15519,15772,16025,16278,16531,16784,17037,17290,17543,17796,18049,18302,18555,18808,19061,19314,19567,19820,20073,20326,20579,20832,21085,21338,21591,21844,22097,22350,22603,22856,23109,23362,23615,23868,24121,24374,24627,24880,25133,25386,25639,25892,26145,26398,26651,26904,27157,27410,27663,27916,28169,28422,28675,28928,29181,29434,29687,29940,30193,30446,30699,30952,31205,31458,31711,31964,-31792,-31539,-31286,-31033,-30780,-30527,-30274,-30021,-29768,-29515,-29262,-29009,-28756,-28503,-28250,-27997,-27744,-27491,-27238,-26985,-26732,-26479,-26226,-25973,-25720,-25467,-25214,-24961,-24708,-24455,-24202,-23949,-23696,-23443,-23190,-22937,-22684,-22431,-22178,-21925,-21758,-21672,-21419,-21166,-20913,-20660,-20407,-20154,-19901,-19648,-19395,-19142,-18889,-18636,-18383,-18130,-17877,-17624,-17371,-17118,-16865,-16612,-16359,-16106,-15853,-15600,-15347,-15094,-14841,-14588,-14335,-14082,-13829,-13576,-13323,-13070,-12817,-12564,-12311,-12058,-11805,-11552,-11299,-11046,-10793,-10540,-10287,-10034,-9781,-9528,-9275,-9022,-8769,-8516,-8263,-8010,-7757,-7504,-7251,-6998,-6745,-6492,-6239,-5986,-5733,-5480,-5227,-4974,-4721,-4468,-4215,-3962,-3709,-3456,-3203,-2950,-2697,-2444,-2191,-1938,-1685,-1432,-1179,-926,-673,-420,-167
87,340,593,846,1099,1352,1605,1858,2111,2364,2617,2870,3123,3376,3629,3882,4135,4388,4641,4894,5147,5400,5653,5906,6159,6412,6665,6918,7171,7424,7677,7930,8183,8436,8689,8942,9195,9448,9701,9954,10207,10460,10713,10966,11219,11472,11725,11978,12231,12484,12737,12990,13243,13496,13749,14002,14255,14508,14761,15014,15267,15520,15773,16026,16279,16532,16785,17038,17291,17544,17797,18050,18303,18556,18809,19062,19315,19568,19821,20074,20327,20580,20833,21086,21339,21592,21845,22098,22351,22604,22857,23110,23363,23616,23869,24122,24375,24628,24881,25134,25387,25640,25893,26146,26399,26652,26905,27158,27411,27664,27917,28170,28423,28676,28929,29182,29435,29688,29941,30194,30447,30700,30953,31206,31459,31712,31965,-31791,-31538,-31285,-31032,-30779,-30526,-30273,-30020,-29767,-29514,-29261,-29008,-28755,-28502,-28249,-27996,-27743,-27490,-27237,-26984,-26731,-26478,-26225,-25972,-25719,-25466,-25213,-24960,-24707,-24454,-24201,-23948,-23695,-23442,-23189,-22936,-22683,-22430,-22177,-22011,-21924,-21671,-21418,-21165,-20912,-20659,-20406,-20153,-19900,-19647,-19394,-19141,-18888,-18635,-18382,-18129,-17876,-17623,-17370,-17117,-16864,-16611,-16358,-16105,-15852,-15599,-15346,-15093,-14840,-14587,-14334,-14081,-13828,-13575,-13322,-13069,-12816,-12563,-12310,-12057,-11804,-11551,-11298,-11045,-10792,-10539,-10286,-10033,-9780,-9527,-9274,-9021,-8768,-8515,-8262,-8009,-7756,-7503,-7250,-6997,-6744,-6491,-6238,-5985,-5732,-5479,-5226,-4973,-4720,-4467,-4214,-3961,-3708,-3455,-3202,-2949,-2696,-2443,-2190,-1937,-1684,-1431,-1178,-925,-672,-419,-166
88,341,594,847,1100,1353,1606,1859,2112,2365,2618,2871,3124,3377,3630,3883,4136,4389,4642,4895,5148,5401,5654,5907,6160,6413,6666,6919,7172,7425,7678,7931,8184,8437,8690,8943,9196,9449,9702,9955,10208,10461,10714,10967,11220,11473,11726,11979,12232,12485,12738,12991,13244,13497,13750,14003,14256,14509,14762,15015,15268,15521,15774,16027,16280,16533,16786,17039,17292,17545,17798,18051,18304,18557,18810,19063,19316,19569,19822,20075,20328,20581,20834,21087,21340,21593,21846,22099,22352,22605,22858,23111,23364,23617,23870,24123,24376,24629,24882,25135,25388,25641,25894,26147,26400,26653,26906,27159,27412,27665,27918,28171,28424,28677,28930,29183,29436,29689,29942,30195,30448,30701,30954,31207,31460,31713,31966,-31790,-31537,-31284,-31031,-30778,-30525,-30272,-30019,-29766,-29513,-29260,-29007,-28754,-28501,-28248,-27995,-27742,-27489,-27236,-26983,-26730,-26477,-26224,-25971,-25718,-25465,-25212,-24959,-24706,-24453,-24200,-23947,-23694,-23441,-23188,-22935,-22682,-22429,-22264,-22176,-21923,-21670,-21417,-21164,-20911,-20658,-20405,-20152,-19899,-19646,-19393,-19140,-18887,-18634,-18381,-18128,-17875,-17622,-17369,-17116,-16863,-16610,-16357,-16104,-15851,-15598,-15345,-15092,-14839,-14586,-14333,-14080,-13827,-13574,-13321,-13068,-12815,-12562,-12309,-12056,-11803,-11550,-11297,-11044,-10791,-10538,-10285,-10032,-9779,-9526,-9273,-9020,-8767,-8514,-8261,-8008,-7755,-7502,-7249,-6996,-6743,-6490,-6237,-5984,-5731,-5478,-5225,-4972,-4719,-4466,-4213,-3960,-3707,-3454,-3201,-2948,-2695,-2442,-2189,-1936,-1683,-1430,-1177,-924,-671,-418,-165
89,342,595,848,1101,1354,1607,1860,2113,2366,2619,2872,3125,3378,3631,3884,4137,4390,4643,4896,5149,5402,5655,5908,6161,6414,6667,6920,7173,7426,7679,7932,8185,8438,8691,8944,9197,9450,9703,9956,10209,10462,10715,10968,11221,11474,11727,11980,12233,12486,12739,12992,13245,13498,13751,14004,14257,14510,14763,15016,15269,15522,15775,16028,16281,16534,16787,17040,17293,17546,17799,18052,18305,18558,18811,19064,19317,19570,19823,20076,20329,20582,20835,21088,21341,21594,21847,22100,22353,22606,22859,23112,23365,23618,23871,24124,24377,24630,24883,25136,25389,25642,25895,26148,26401,26654,26907,27160,27413,27666,27919,28172,28425,28678,28931,29184,29437,29690,29943,30196,30449,30702,30955,31208,31461,31714,31967,-31789,-31536,-31283,-31030,-30777,-30524,-30271,-30018,-29765,-29512,-29259,-29006,-28753,-28500,-28247,-27994,-27741,-27488,-27235,-26982,-26729,-26476,-26223,-25970,-25717,-25464,-25211,-24958,-24705,-24452,-24199,-23946,-23693,-23440,-23187,-22934,-22681,-22517,-22428,-22175,-21922,-21669,-21416,-21163,-20910,-20657,-20404,-20151,-19898,-19645,-19392,-19139,-18886,-18633,-18380,-18127,-17874,-17621,-17368,-17115,-16862,-16609,-16356,-16103,-15850,-15597,-15344,-15091,-14838,-14585,-14332,-14079,-13826,-13573,-13320,-13067,-12814,-12561,-12308,-12055,-11802,-11549,-11296,-11043,-10790,-10537,-10284,-10031,-9778,-9525,-9272,-9019,-8766,-8513,-8260,-8007,-7754,-7501,-7248,-6995,-6742,-6489,-6236,-5983,-5730,-5477,-5224,-4971,-4718,-4465,-4212,-3959,-3706,-3453,-3200,-2947,-2694,-2441,-2188,-1935,-1682,-1429,-1176,-923,-670,-417,-164
90,343,596,849,1102,1355,1608,1861,2114,2367,2620,2873,3126,3379,3632,3885,4138,4391,4644,4897,5150,5403,5656,5909,6162,6415,6668,6921,7174,7427,7680,7933,8186,8439,8692,8945,9198,9451,9704,9957,10210,10463,10716,10969,11222,11475,11728,11981,12234,12487,12740,12993,13246,13499,13752,14005,14258,14511,14764,15017,15270,15523,15776,16029,16282,16535,16788,17041,17294,17547,17800,18053,18306,18559,18812,19065,19318,19571,19824,20077,20330,20583,20836,21089,21342,21595,21848,22101,22354,22607,22860,23113,23366,23619,23872,24125,24378,24631,24884,25137,25390,25643,25896,26149,26402,26655,26908,27161,27414,27667,27920,28173,28426,28679,28932,29185,29438,29691,29944,30197,30450,30703,30956,31209,31462,31715,31968,-31788,-31535,-31282,-31029,-30776,-30523,-30270,-30017,-29764,-29511,-29258,-29005,-28752,-28499,-28246,-27993,-27740,-27487,-27234,-26981,-26728,-26475,-26222,-25969,-25716,-25463,-25210,-24957,-24704,-24451,-24198,-23945,-23692,-23439,-23186,-22933,-22770,-22680,-22427,-22174,-21921,-21668,-21415,-21162,-20909,-20656,-20403,-20150,-19897,-19644,-19391,-19138,-18885,-18632,-18379,-18126,-17873,-17620,-17367,-17114,-16861,-16608,-16355,-16102,-15849,-15596,-15343,-15090,-14837,-14584,-14331,-14078,-13825,-13572,-13319,-13066,-12813,-12560,-12307,-12054,-11801,-11548,-11295,-11042,-10789,-10536,-10283,-10030,-9777,-9524,-9271,-9018,-8765,-8512,-8259,-8006,-7753,-7500,-7247,-6994,-6741,-6488,-6235,-5982,-5729,-5476,-5223,-4970,-4717,-4464,-4211,-3958,-3705,-3452,-3199,-2946,-2693,-2440,-2187,-1934,-1681,-1428,-1175,-922,-669,-416,-163
91,344,597,850,1103,1356,1609,1862,2115,2368,2621,2874,3127,3380,3633,3886,4139,4392,4645,4898,5151,5404,5657,5910,6163,6416,6669,6922,7175,7428,7681,7934,8187,8440,8693,8946,9199,9452,9705,9958,10211,10464,10717,10970,11223,11476,11729,11982,12235,12488,12741,12994,13247,13500,13753,14006,14259,14512,14765,15018,15271,15524,15777,16030,16283,16536,16789,17042,17295,17548,17801,18054,18307,18560,18813,19066,19319,19572,19825,20078,20331,20584,20837,21090,21343,21596,21849,22102,22355,22608,22861,23114,23367,23620,23873,24126,24379,24632,24885,25138,25391,25644,25897,26150,26403,26656,26909,27162,27415,27668,27921,28174,28427,28680,28933,29186,29439,29692,29945,30198,30451,30704,30957,31210,31463,31716,31969,-31787,-31534,-31281,-31028,-30775,-30522,-30269,-30016,-29763,-29510,-29257,-29004,-28751,-28498,-28245,-27992,-27739,-27486,-27233,-26980,-26727,-26474,-26221,-25968,-25715,-25462,-25209,-24956,-24703,-24450,-24197,-23944,-23691,-23438,-23185,-23023,-22932,-22679,-22426,-22173,-21920,-21667,-21414,-21161,-20908,-20655,-20402,-20149,-19896,-19643,-19390,-19137,-18884,-18631,-18378,-18125,-17872,-17619,-17366,-17113,-16860,-16607,-16354,-16101,-15848,-15595,-15342,-15089,-14836,-14583,-14330,-14077,-13824,-13571,-13318,-13065,-12812,-12559,-12306,-12053,-11800,-11547,-11294,-11041,-10788,-10535,-10282,-10029,-9776,-9523,-9270,-9017,-8764,-8511,-8258,-8005,-7752,-7499,-7246,-6993,-6740,-6487,-6234,-5981,-5728,-5475,-5222,-4969,-4716,-4463,-4210,-3957,-3704,-3451,-3198,-2945,-2692,-2439,-2186,-1933,-1680,-1427,-1174,-921,-668,-415,-162
92,345,598,851,1104,1357,1610,1863,2116,2369,2622,2875,3128,3381,3634,3887,4140,4393,4646,4899,5152,5405,5658,5911,6164,6417,6670,6923,7176,7429,7682,7935,8188,8441,8694,8947,9200,9453,9706,9959,10212,10465,10718,10971,11224,11477,11730,11983,12236,12489,12742,12995,13248,13501,13754,14007,14260,14513,14766,15019,15272,15525,15778,16031,16284,16537,16790,17043,17296,17549,17802,18055,18308,18561,18814,19067,19320,19573,19826,20079,20332,20585,20838,21091,21344,21597,21850,22103,22356,22609,22862,23115,23368,23621,23874,24127,24380,24633,24886,25139,25392,25645,25898,26151,26404,26657,26910,27163,27416,27669,27922,28175,28428,28681,28934,29187,29440,29693,29946,30199,30452,30705,30958,31211,31464,31717,31970,-31786,-31533,-31280,-31027,-30774,-30521,-30268,-30015,-29762,-29509,-29256,-29003,-28750,-28497,-28244,-27991,-27738,-27485,-27232,-26979,-26726,-26473,-26220,-25967,-25714,-25461,-25208,-24955,-24702,-24449,-24196,-23943,-23690,-23437,-23276,-23184,-22931,-22678,-22425,-22172,-21919,-21666,-21413,-21160,-20907,-20654,-20401,-20148,-19895,-19642,-19389,-19136,-18883,-18630,-18377,-18124,-17871,-17618,-17365,-17112,-16859,-16606,-16353,-16100,-15847,-15594,-15341,-15088,-14835,-14582,-14329,-14076,-13823,-13570,-13317,-13064,-12811,-12558,-12305,-12052,-11799,-11546,-11293,-11040,-10787,-10534,-10281,-10028,-9775,-9522,-9269,-9016,-8763,-8510,-8257,-8004,-7751,-7498,-7245,-6992,-6739,-6486,-6233,-5980,-5727,-5474,-5221,-4968,-4715,-4462,-4209,-3956,-3703,-3450,-3197,-2944,-2691,-2438,-2185,-1932,-1679,-1426,-1173,-920,-667,-414,-161
93,346,599,852,1105,1358,1611,1864,2117,2370,2623,2876,3129,3382,3635,3888,4141,4394,4647,4900,5153,5406,5659,5912,6165,6418,6671,6924,7177,7430,7683,7936,8189,8442,8695,8948,9201,9454,9707,9960,10213,10466,10719,10972,11225,11478,11731,11984,12237,12490,12743,12996,13249,13502,13755,14008,14261,14514,14767,15020,15273,15526,15779,16032,16285,16538,16791,17044,17297,17550,17803,18056,18309,18562,18815,19068,19321,19574,19827,20080,20333,20586,20839,21092,21345,21598,21851,22104,22357,22610,22863,23116,23369,23622,23875,24128,24381,24634,24887,25140,25393,25646,25899,26152,26405,26658,26911,27164,27417,27670,27923,28176,28429,28682,28935,29188,29441,29694,29947,30200,30453,30706,30959,31212,31465,31718,31971,-31785,-31532,-31279,-31026,-30773,-30520,-30267,-30014,-29761,-29508,-29255,-29002,-28749,-28496,-28243,-27990,-27737,-27484,-27231,-26978,-26725,-26472,-26219,-25966,-25713,-25460,-25207,-24954,-24701,-24448,-24195,-23942,-23689,-23529,-23436,-23183,-22930,-22677,-22424,-22171,-21918,-21665,-21412,-21159,-20906,-20653,-20400,-20147,-19894,-19641,-19388,-19135,-18882,-18629,-18376,-18123,-17870,-17617,-17364,-17111,-16858,-16605,-16352,-16099,-15846,-15593,-15340,-15087,-14834,-14581,-14328,-14075,-13822,-13569,-13316,-13063,-12810,-12557,-12304,-12051,-11798,-11545,-11292,-11039,-10786,-10533,-10280,-10027,-9774,-9521,-9268,-9015,-8762,-8509,-8256,-8003,-7750,-7497,-7244,-6991,-6738,-6485,-6232,-5979,-5726,-5473,-5220,-4967,-4714,-4461,-4208,-3955,-3702,-3449,-3196,-2943,-2690,-2437,-2184,-1931,-1678,-1425,-1172,-919,-666,-413,-160
94,347,600,853,1106,1359,1612,1865,2118,2371,2624,2877,3130,3383,3636,3889,4142,4395,4648,4901,5154,5407,5660,5913,6166,6419,6672,6925,7178,7431,7684,7937,8190,8443,8696,8949,9202,9455,9708,9961,10214,10467,10720,10973,11226,11479,11732,11985,12238,12491,12744,12997,13250,13503,13756,14009,14262,14515,14768,15021,15274,15527,15780,16033,16286,16539,16792,17045,17298,17551,17804,18057,18310,18563,18816,19069,19322,19575,19828,20081,20334,20587,20840,21093,21346,21599,21852,22105,22358,22611,22864,23117,23370,23623,23876,24129,24382,24635,24888,25141,25394,25647,25900,26153,26406,26659,26912,27165,27418,27671,27924,28177,28430,28683,28936,29189,29442,29695,29948,30201,30454,30707,30960,31213,31466,31719,31972,-31784,-31531,-31278,-31025,-30772,-30519,-30266,-30013,-29760,-29507,-29254,-29001,-28748,-28495,-28242,-27989,-27736,-27483,-27230,-26977,-26724,-26471,-26218,-25965,-25712,-25459,-25206,-24953,-24700,-24447,-24194,-23941,-23782,-23688,-23435,-23182,-22929,-22676,-22423,-22170,-21917,-21664,-21411,-21158,-20905,-20652,-20399,-20146,-19893,-19640,-19387,-19134,-18881,-18628,-18375,-18122,-17869,-17616,-17363,-17110,-16857,-16604,-16351,-16098,-15845,-15592,-15339,-15086,-14833,-14580,-14327,-14074,-13821,-13568,-13315,-13062,-12809,-12556,-12303,-12050,-11797,-11544,-11291,-11038,-10785,-10532,-10279,-10026,-9773,-9520,-9267,-9014,-8761,-8508,-8255,-8002,-7749,-7496,-7243,-6990,-6737,-6484,-6231,-5978,-5725,-5472,-5219,-4966,-4713,-4460,-4207,-3954,-3701,-3448,-3195,-2942,-2689,-2436,-2183,-1930,-1677,-1424,-1171,-918,-665,-412,-159
95,348,601,854,1107,1360,1613,1866,2119,2372,2625,2878,3131,3384,3637,3890,4143,4396,4649,4902,5155,5408,5661,5914,6167,6420,6673,6926,7179,7432,7685,7938,8191,8444,8697,8950,9203,9456,9709,9962,10215,10468,10721,10974,11227,11480,11733,11986,12239,12492,12745,12998,13251,13504,13757,14010,14263,14516,14769,15022,15275,15528,15781,16034,16287,16540,16793,17046,17299,17552,17805,18058,18311,18564,18817,19070,19323,19576,19829,20082,20335,20588,20841,21094,21347,21600,21853,22106,22359,22612,22865,23118,23371,23624,23877,24130,24383,24636,24889,25142,25395,25648,25901,26154,26407,26660,26913,27166,27419,27672,27925,28178,28431,28684,28937,29190,29443,29696,29949,30202,30455,30708,30961,31214,31467,31720,31973,-31783,-31530,-31277,-31024,-30771,-30518,-30265,-30012,-29759,-29506,-29253,-29000,-28747,-28494,-28241,-27988,-27735,-27482,-27229,-26976,-26723,-26470,-26217,-25964,-25711,-25458,-25205,-24952,-24699,-24446,-24193,-24035,-23940,-23687,-23434,-23181,-22928,-22675,-22422,-22169,-21916,-21663,-21410,-21157,-20904,-20651,-20398,-20145,-19892,-19639,-19386,-19133,-18880,-18627,-18374,-18121,-17868,-17615,-17362,-17109,-16856,-16603,-16350,-16097,-15844,-15591,-15338,-15085,-14832,-14579,-14326,-14073,-13820,-13567,-13314,-13061,-12808,-12555,-12302,-12049,-11796,-11543,-11290,-11037,-10784,-10531,-10278,-10025,-9772,-9519,-9266,-9013,-8760,-8507,-8254,-8001,-7748,-7495,-7242,-6989,-6736,-6483,-6230,-5977,-5724,-5471,-5218,-4965,-4712,-4459,-4206,-3953,-3700,-3447,-3194,-2941,-2688,-2435,-2182,-1929,-1676,-1423,-1170,-917,-664,-411,-158
96,349,602,855,1108,1361,1614,1867,2120,2373,2626,2879,3132,3385,3638,3891,4144,4397,4650,4903,5156,5409,5662,5915,6168,6421,6674,6927,7180,7433,7686,7939,8192,8445,8698,8951,9204,9457,9710,9963,10216,10469,10722,10975,11228,11481,11734,11987,12240,12493,12746,12999,13252,13505,13758,14011,14264,14517,14770,15023,15276,15529,15782,16035,16288,16541,16794,17047,17300,17553,17806,18059,18312,18565,18818,19071,19324,19577,19830,20083,20336,20589,20842,21095,21348,21601,21854,22107,22360,22613,22866,23119,23372,23625,23878,24131,24384,24637,24890,25143,25396,25649,25902,26155,26408,26661,26914,27167,27420,27673,27926,28179,28432,28685,28938,29191,29444,29697,29950,30203,30456,30709,30962,31215,31468,31721,31974,-31782,-31529,-31276,-31023,-30770,-30517,-30264,-30011,-29758,-29505,-29252,-28999,-28746,-28493,-28240,-27987,-27734,-27481,-27228,-26975,-26722,-26469,-26216,-25963,-25710,-25457,-25204,-24951,-24698,-24445,-24288,-24192,-23939,-23686,-23433,-23180,-22927,-22674,-22421,-22168,-21915,-21662,-21409,-21156,-20903,-20650,-20397,-20144,-19891,-19638,-19385,-19132,-18879,-18626,-18373,-18120,-17867,-17614,-17361,-17108,-16855,-16602,-16349,-16096,-15843,-15590,-15337,-15084,-14831,-14578,-14325,-14072,-13819,-13566,-13313,-13060,-12807,-12554,-12301,-12048,-11795,-11542,-11289,-11036,-10783,-10530,-10277,-10024,-9771,-9518,-9265,-9012,-8759,-8506,-8253,-8000,-7747,-7494,-7241,-6988,-6735,-6482,-6229,-5976,-5723,-5470,-5217,-4964,-4711,-4458,-4205,-3952,-3699,-3446,-3193,-2940,-2687,-2434,-2181,-1928,-1675,-1422,-1169,-916,-663,-410,-157
97,350,603,856,1109,1362,1615,1868,2121,2374,2627,2880,3133,3386,3639,3892,4145,4398,4651,4904,5157,5410,5663,5916,6169,6422,6675,6928,7181,7434,7687,7940,8193,8446,8699,8952,9205,9458,9711,9964,10217,10470,10723,10976,11229,11482,11735,11988,12241,12494,12747,13000,13253,13506,13759,14012,14265,14518,14771,15024,15277,15530,15783,16036,16289,16542,16795,17048,17301,17554,17807,18060,18313,18566,18819,19072,19325,19578,19831,20084,20337,20590,20843,21096,21349,21602,21855,22108,22361,22614,22867,23120,23373,23626,23879,24132,24385,24638,24891,25144,25397,25650,25903,26156,26409,26662,26915,27168,27421,27674,27927,28180,28433,28686,28939,29192,29445,29698,29951,30204,30457,30710,30963,31216,31469,31722,31975,-31781,-31528,-31275,-31022,-30769,-30516,-30263,-30010,-29757,-29504,-29251,-28998,-28745,-28492,-28239,-27986,-27733,-27480,-27227,-26974,-26721,-26468,-26215,-25962,-25709,-25456,-25203,-24950,-24697,-24541,-24444,-24191,-23938,-23685,-23432,-23179,-22926,-22673,-22420,-22167,-21914,-21661,-21408,-21155,-20902,-20649,-20396,-20143,-19890,-19637,-19384,-19131,-18878,-18625,-18372,-18119,-17866,-17613,-17360,-17107,-16854,-16601,-16348,-16095,-15842,-15589,-15336,-15083,-14830,-14577,-14324,-14071,-13818,-13565,-13312,-13059,-12806,-12553,-12300,-12047,-11794,-11541,-11288,-11035,-10782,-10529,-10276,-10023,-9770,-9517,-9264,-9011,-8758,-8505,-8252,-7999,-7746,-7493,-7240,-6987,-6734,-6481,-6228,-5975,-5722,-5469,-5216,-4963,-4710,-4457,-4204,-3951,-3698,-3445,-3192,-2939,-2686,-2433,-2180,-1927,-1674,-1421,-1168,-915,-662,-409,-156
98,351,604,857,1110,1363,1616,1869,2122,2375,2628,2881,3134,3387,3640,3893,4146,4399,4652,4905,5158,5411,5664,5917,6170,6423,6676,6929,7182,7435,7688,7941,8194,8447,8700,8953,9206,9459,9712,9965,10218,10471,10724,10977,11230,11483,11736,11989,12242,12495,12748,13001,13254,13507,13760,14013,14266,14519,14772,15025,15278,15531,15784,16037,16290,16543,16796,17049,17302,17555,17808,18061,18314,18567,18820,19073,19326,19579,19832,20085,20338,20591,20844,21097,21350,21603,21856,22109,22362,22615,22868,23121,23374,23627,23880,24133,24386,24639,24892,25145,25398,25651,25904,26157,26410,26663,26916,27169,27422,27675,27928,28181,28434,28687,28940,29193,29446,29699,29952,30205,30458,30711,30964,31217,31470,31723,31976,-31780,-31527,-31274,-31021,-30768,-30515,-30262,-30009,-29756,-29503,-29250,-28997,-28744,-28491,-28238,-27985,-27732,-27479,-27226,-26973,-26720,-26467,-26214,-25961,-25708,-25455,-25202,-24949,-24794,-24696,-24443,-24190,-23937,-23684,-23431,-23178,-22925,-22672,-22419,-22166,-21913,-21660,-21407,-21154,-20901,-20648,-20395,-20142,-19889,-19636,-19383,-19130,-18877,-18624,-18371,-18118,-17865,-17612,-17359,-17106,-16853,-16600,-16347,-16094,-15841,-15588,-15335,-15082,-14829,-14576,-14323,-14070,-13817,-13564,-13311,-13058,-12805,-12552,-12299,-12046,-11793,-11540,-11287,-11034,-10781,-10528,-10275,-10022,-9769,-9516,-9263,-9010,-8757,-8504,-8251,-7998,-7745,-7492,-7239,-6986,-6733,-6480,-6227,-5974,-5721,-5468,-5215,-4962,-4709,-4456,-4203,-3950,-3697,-3444,-3191,-2938,-2685,-2432,-2179,-1926,-1673,-1420,-1167,-914,-661,-408,-155
99,352,605,858,1111,1364,1617,1870,2123,2376,2629,2882,3135,3388,3641,3894,4147,4400,4653,4906,5159,5412,5665,5918,6171,6424,6677,6930,7183,7436,7689,7942,8195,8448,8701,8954,9207,9460,9713,9966,10219,10472,10725,10978,11231,11484,11737,11990,12243,12496,12749,13002,13255,13508,13761,14014,14267,14520,14773,15026,15279,15532,15785,16038,16291,16544,16797,17050,17303,17556,17809,18062,18315,18568,18821,19074,19327,19580,19833,20086,20339,20592,20845,21098,21351,21604,21857,22110,22363,22616,22869,23122,23375,23628,23881,24134,24387,24640,24893,25146,25399,25652,25905,26158,26411,26664,26917,27170,27423,27676,27929,28182,28435,28688,28941,29194,29447,29700,29953,30206,30459,30712,30965,31218,31471,31724,31977,-31779,-31526,-31273,-31020,-30767,-30514,-30261,-30008,-29755,-29502,-29249,-28996,-28743,-28490,-28237,-27984,-27731,-27478,-27225,-26972,-26719,-26466,-26213,-25960,-25707,-25454,-25201,-25047,-24948,-24695,-24442,-24189,-23936,-23683,-23430,-23177,-22924,-22671,-22418,-22165,-21912,-21659,-21406,-21153,-20900,-20647,-20394,-20141,-19888,-19635,-19382,-19129,-18876,-18623,-18370,-18117,-17864,-17611,-17358,-17105,-16852,-16599,-16346,-16093,-15840,-15587,-15334,-15081,-14828,-14575,-14322,-14069,-13816,-13563,-13310,-13057,-12804,-12551,-12298,-12045,-11792,-11539,-11286,-11033,-10780,-10527,-10274,-10021,-9768,-9515,-9262,-9009,-8756,-8503,-8250,-7997,-7744,-7491,-7238,-6985,-6732,-6479,-6226,-5973,-5720,-5467,-5214,-4961,-4708,-4455,-4202,-3949,-3696,-3443,-3190,-2937,-2684,-2431,-2178,-1925,-1672,-1419,-1166,-913,-660,-407,-154
100,353,606,859,1112,1365,1618,1871,2124,2377,2630,2883,3136,3389,3642,3895,4148,4401,4654,4907,5160,5413,5666,5919,6172,6425,6678,6931,7184,7437,7690,7943,8196,8449,8702,8955,9208,9461,9714,9967,10220,10473,10726,10979,11232,11485,11738,11991,12244,12497,12750,13003,13256,13509,13762,14015,14268,14521,14774,15027,15280,15533,15786,16039,16292,16545,16798,17051,17304,17557,17810,18063,18316,18569,18822,19075,19328,19581,19834,20087,20340,20593,20846,21099,21352,21605,21858,22111,22364,22617,22870,23123,23376,23629,23882,24135,24388,24641,24894,25147,25400,25653,25906,26159,26412,26665,26918,27171,27424,27677,27930,28183,28436,28689,28942,29195,29448,29701,29954,30207,30460,30713,30966,31219,31472,31725,31978,-31778,-31525,-31272,-31019,-30766,-30513,-30260,-30007,-29754,-29501,-29248,-28995,-28742,-28489,-28236,-27983,-27730,-27477,-27224,-26971,-26718,-26465,-26212,-25959,-25706,-25453,-25300,-25200,-24947,-24694,-24441,-24188,-23935,-23682,-23429,-23176,-22923,-22670,-22417,-22164,-21911,-21658,-21405,-21152,-20899,-20646,-20393,-20140,-19887,-19634,-19381,-19128,-18875,-18622,-18369,-18116,-17863,-17610,-17357,-17104,-16851,-16598,-16345,-16092,-15839,-15586,-15333,-15080,-14827,-14574,-14321,-14068,-13815,-13562,-13309,-13056,-12803,-12550,-12297,-12044,-11791,-11538,-11285,-11032,-10779,-10526,-10273,-10020,-9767,-9514,-9261,-9008,-8755,-8502,-8249,-7996,-7743,-7490,-7237,-6984,-6731,-6478,-6225,-5972,-5719,-5466,-5213,-4960,-4707,-4454,-4201,-3948,-3695,-3442,-3189,-2936,-2683,-2430,-2177,-1924,-1671,-1418,-1165,-912,-659,-406,-153
101,354,607,860,1113,1366,1619,1872,2125,2378,2631,2884,3137,3390,3643,3896,4149,4402,4655,4908,5161,5414,5667,5920,6173,6426,6679,6932,7185,7438,7691,7944,8197,8450,8703,8956,9209,9462,9715,9968,10221,10474,10727,10980,11233,11486,11739,11992,12245,12498,12751,13004,13257,13510,13763,14016,14269,14522,14775,15028,15281,15534,15787,16040,16293,16546,16799,17052,17305,17558,17811,18064,18317,18570,18823,19076,19329,19582,19835,20088,20341,20594,20847,21100,21353,21606,21859,22112,22365,22618,22871,23124,23377,23630,23883,24136,24389,24642,24895,25148,25401,25654,25907,26160,26413,26666,26919,27172,27425,27678,27931,28184,28437,28690,28943,29196,29449,29702,29955,30208,30461,30714,30967,31220,31473,31726,31979,-31777,-31524,-31271,-31018,-30765,-30512,-30259,-30006,-29753,-29500,-29247,-28994,-28741,-28488,-28235,-27982,-27729,-27476,-27223,-26970,-26717,-26464,-26211,-25958,-25705,-25553,-25452,-25199,-24946,-24693,-24440,-24187,-23934,-23681,-23428,-23175,-22922,-22669,-22416,-22163,-21910,-21657,-21404,-21151,-20898,-20645,-20392,-20139,-19886,-19633,-19380,-19127,-18874,-18621,-18368,-18115,-17862,-17609,-17356,-17103,-16850,-16597,-16344,-16091,-15838,-15585,-15332,-15079,-14826,-14573,-14320,-14067,-13814,-13561,-13308,-13055,-12802,-12549,-12296,-12043,-11790,-11537,-11284,-11031,-10778,-10525,-10272,-10019,-9766,-9513,-9260,-9007,-8754,-8501,-8248,-7995,-7742,-7489,-7236,-6983,-6730,-6477,-6224,-5971,-5718,-5465,-5212,-4959,-4706,-4453,-4200,-3947,-3694,-3441,-3188,-2935,-2682,-2429,-2176,-1923,-1670,-1417,-1164,-911,-658,-405,-152
102,355,608,861,1114,1367,1620,1873,2126,2379,2632,2885,3138,3391,3644,3897,4150,4403,4656,4909,5162,5415,5668,5921,6174,6427,6680,6933,7186,7439,7692,7945,8198,8451,8704,8957,9210,9463,9716,9969,10222,10475,10728,10981,11234,11487,11740,11993,12246,12499,12752,13005,13258,13511,13764,14017,14270,14523,14776,15029,15282,15535,15788,16041,16294,16547,16800,17053,17306,17559,17812,18065,18318,18571,18824,19077,19330,19583,19836,20089,20342,20595,20848,21101,21354,21607,21860,22113,22366,22619,22872,23125,23378,23631,23884,24137,24390,24643,24896,25149,25402,25655,25908,26161,26414,26667,26920,27173,27426,27679,27932,28185,28438,28691,28944,29197,29450,29703,29956,30209,30462,30715,30968,31221,31474,31727,31980,-31776,-31523,-31270,-31017,-30764,-30511,-30258,-30005,-29752,-29499,-29246,-28993,-28740,-28487,-28234,-27981,-27728,-27475,-27222,-26969,-26716,-26463,-26210,-25957,-25806,-25704,-25451,-25198,-24945,-24692,-24439,-24186,-23933,-23680,-23427,-23174,-22921,-22668,-22415,-22162,-21909,-21656,-21403,-21150,-20897,-20644,-20391,-20138,-19885,-19632,-19379,-19126,-18873,-18620,-18367,-18114,-17861,-17608,-17355,-17102,-16849,-16596,-16343,-16090,-15837,-15584,-15331,-15078,-14825,-14572,-14319,-14066,-13813,-13560,-13307,-13054,-12801,-12548,-12295,-12042,-11789,-11536,-11283,-11030,-10777,-10524,-10271,-10018,-9765,-9512,-9259,-9006,-8753,-8500,-8247,-7994,-7741,-7488,-7235,-6982,-6729,-6476,-6223,-5970,-5717,-5464,-5211,-4958,-4705,-4452,-4199,-3946,-3693,-3440,-3187,-2934,-2681,-2428,-2175,-1922,-1669,-1416,-1163,-910,-657,-404,-151
103,356,609,862,1115,1368,1621,1874,2127,2380,2633,2886,3139,3392,3645,3898,4151,4404,4657,4910,5163,5416,5669,5922,6175,6428,6681,6934,7187,7440,7693,7946,8199,8452,8705,8958,9211,9464,9717,9970,10223,10476,10729,10982,11235,11488,11741,11994,12247,12500,12753,13006,13259,13512,13765,14018,14271,14524,14777,15030,15283,15536,15789,16042,16295,16548,16801,17054,17307,17560,17813,18066,18319,18572,18825,19078,19331,19584,19837,20090,20343,20596,20849,21102,21355,21608,21861,22114,22367,22620,22873,23126,23379,23632,23885,24138,24391,24644,24897,25150,25403,25656,25909,26162,26415,26668,26921,27174,27427,27680,27933,28186,28439,28692,28945,29198,29451,29704,29957,30210,30463,30716,30969,31222,31475,31728,31981,-31775,-31522,-31269,-31016,-30763,-30510,-30257,-30004,-29751,-29498,-29245,-28992,-28739,-28486,-28233,-27980,-27727,-27474,-27221,-26968,-26715,-26462,-26209,-26059,-25956,-25703,-25450,-25197,-24944,-24691,-24438,-24185,-23932,-23679,-23426,-23173,-22920,-22667,-22414,-22161,-21908,-21655,-21402,-21149,-20896,-20643,-20390,-20137,-19884,-19631,-19378,-19125,-18872,-18619,-18366,-18113,-17860,-17607,-17354,-17101,-16848,-16595,-16342,-16089,-15836,-15583,-15330,-15077,-14824,-14571,-14318,-14065,-13812,-13559,-13306,-13053,-12800,-12547,-12294,-12041,-11788,-11535,-11282,-11029,-10776,-10523,-10270,-10017,-9764,-9511,-9258,-9005,-8752,-8499,-8246,-7993,-7740,-7487,-7234,-6981,-6728,-6475,-6222,-5969,-5716,-5463,-5210,-4957,-4704,-4451,-4198,-3945,-3692,-3439,-3186,-2933,-2680,-2427,-2174,-1921,-1668,-1415,-1162,-909,-656,-403,-150
104,357,610,863,1116,1369,1622,1875,2128,2381,2634,2887,3140,3393,3646,3899,4152,4405,4658,4911,5164,5417,5670,5923,6176,6429,6682,6935,7188,7441,7694,7947,8200,8453,8706,8959,9212,9465,9718,9971,10224,10477,10730,10983,11236,11489,11742,11995,12248,12501,12754,13007,13260,13513,13766,14019,14272,14525,14778,15031,15284,15537,15790,16043,16296,16549,16802,17055,17308,17561,17814,18067,18320,18573,18826,19079,19332,19585,19838,20091,20344,20597,20850,21103,21356,21609,21862,22115,22368,22621,22874,23127,23380,23633,23886,24139,24392,24645,24898,25151,25404,25657,25910,26163,26416,26669,26922,27175,27428,27681,27934,28187,28440,28693,28946,29199,29452,29705,29958,30211,30464,30717,30970,31223,31476,31729,31982,-31774,-31521,-31268,-31015,-30762,-30509,-30256,-30003,-29750,-29497,-29244,-28991,-28738,-28485,-28232,-27979,-27726,-27473,-27220,-26967,-26714,-26461,-26312,-26208,-25955,-25702,-25449,-25196,-24943,-24690,-24437,-24184,-23931,-23678,-23425,-23172,-22919,-22666,-22413,-22160,-21907,-21654,-21401,-21148,-20895,-20642,-20389,-20136,-19883,-19630,-19377,-19124,-18871,-18618,-18365,-18112,-17859,-17606,-17353,-17100,-16847,-16594,-16341,-16088,-15835,-15582,-15329,-15076,-14823,-14570,-14317,-14064,-13811,-13558,-13305,-13052,-12799,-12546,-12293,-12040,-11787,-11534,-11281,-11028,-10775,-10522,-10269,-10016,-9763,-9510,-9257,-9004,-8751,-8498,-8245,-7992,-7739,-7486,-7233,-6980,-6727,-6474,-6221,-5968,-5715,-5462,-5209,-4956,-4703,-4450,-4197,-3944,-3691,-3438,-3185,-2932,-2679,-2426,-2173,-1920,-1667,-1414,-1161,-908,-655,-402,-149
105,358,611,864,1117,1370,1623,1876,2129,2382,2635,2888,3141,3394,3647,3900,4153,4406,4659,4912,5165,5418,5671,5924,6177,6430,6683,6936,7189,7442,7695,7948,8201,8454,8707,8960,9213,9466,9719,9972,10225,10478,10731,10984,11237,11490,11743,11996,12249,12502,12755,13008,13261,13514,13767,14020,14273,14526,14779,15032,15285,15538,15791,16044,16297,16550,16803,17056,17309,17562,17815,18068,18321,18574,18827,19080,19333,19586,19839,20092,20345,20598,20851,21104,21357,21610,21863,22116,22369,22622,22875,23128,23381,23634,23887,24140,24393,24646,24899,25152,25405,25658,25911,26164,26417,26670,26923,27176,27429,27682,27935,28188,28441,28694,28947,29200,29453,29706,29959,30212,30465,30718,30971,31224,31477,31730,31983,-31773,-31520,-31267,-31014,-30761,-30508,-30255,-30002,-29749,-29496,-29243,-28990,-28737,-28484,-28231,-27978,-27725,-27472,-27219,-26966,-26713,-26565,-26460,-26207,-25954,-25701,-25448,-25195,-24942,-24689,-24436,-24183,-23930,-23677,-23424,-23171,-22918,-22665,-22412,-22159,-21906,-21653,-21400,-21147,-20894,-20641,-20388,-20135,-19882,-19629,-19376,-19123,-18870,-18617,-18364,-18111,-17858,-17605,-17352,-17099,-16846,-16593,-16340,-16087,-15834,-15581,-15328,-15075,-14822,-14569,-14316,-14063,-13810,-13557,-13304,-13051,-12798,-12545,-12292,-12039,-11786,-11533,-11280,-11027,-10774,-10521,-10268,-10015,-9762,-9509,-9256,-9003,-8750,-8497,-8244,-7991,-7738,-7485,-7232,-6979,-6726,-6473,-6220,-5967,-5714,-5461,-5208,-4955,-4702,-4449,-4196,-3943,-3690,-3437,-3184,-2931,-2678,-2425,-2172,-1919,-1666,-1413,-1160,-907,-654,-401,-148
106,359,612,865,1118,1371,1624,1877,2130,2383,2636,2889,3142,3395,3648,3901,4154,4407,4660,4913,5166,5419,5672,5925,6178,6431,6684,6937,7190,7443,7696,7949,8202,8455,8708,8961,9214,9467,9720,9973,10226,10479,10732,10985,11238,11491,11744,11997,12250,12503,12756,13009,13262,13515,13768,14021,14274,14527,14780,15033,15286,15539,15792,16045,16298,16551,16804,17057,17310,17563,17816,18069,18322,18575,18828,19081,19334,19587,19840,20093,20346,20599,20852,21105,21358,21611,21864,22117,22370,22623,22876,23129,23382,23635,23888,24141,24394,24647,24900,25153,25406,25659,25912,26165,26418,26671,26924,27177,27430,27683,27936,28189,28442,28695,28948,29201,29454,29707,29960,30213,30466,30719,30972,31225,31478,31731,31984,-31772,-31519,-31266,-31013,-30760,-30507,-30254,-30001,-29748,-29495,-29242,-28989,-28736,-28483,-28230,-27977,-27724,-27471,-27218,-26965,-26818,-26712,-26459,-26206,-25953,-25700,-25447,-25194,-24941,-24688,-24435,-24182,-23929,-23676,-23423,-23170,-22917,-22664,-22411,-22158,-21905,-21652,-21399,-21146,-20893,-20640,-20387,-20134,-19881,-19628,-19375,-19122,-18869,-18616,-18363,-18110,-17857,-17604,-17351,-17098,-16845,-16592,-16339,-16086,-15833,-15580,-15327,-15074,-14821,-14568,-14315,-14062,-13809,-13556,-13303,-13050,-12797,-12544,-12291,-12038,-11785,-11532,-11279,-11026,-10773,-10520,-10267,-10014,-9761,-9508,-9255,-9002,-8749,-8496,-8243,-7990,-7737,-7484,-7231,-6978,-6725,-6472,-6219,-5966,-5713,-5460,-5207,-4954,-4701,-4448,-4195,-3942,-3689,-3436,-3183,-2930,-2677,-2424,-2171,-1918,-1665,-1412,-1159,-906,-653,-400,-147
107,360,613,866,1119,1372,1625,1878,2131,2384,2637,2890,3143,3396,3649,3902,4155,4408,4661,4914,5167,5420,5673,5926,6179,6432,6685,6938,7191,7444,7697,7950,8203,8456,8709,8962,9215,9468,9721,9974,10227,10480,10733,10986,11239,11492,11745,11998,12251,12504,12757,13010,13263,13516,13769,14022,14275,14528,14781,15034,15287,15540,15793,16046,16299,16552,16805,17058,17311,17564,17817,18070,18323,18576,18829,19082,19335,19588,19841,20094,20347,20600,20853,21106,21359,21612,21865,22118,22371,22624,22877,23130,23383,23636,23889,24142,24395,24648,24901,25154,25407,25660,25913,26166,26419,26672,26925,27178,27431,27684,27937,28190,28443,28696,28949,29202,29455,29708,29961,30214,30467,30720,30973,31226,31479,31732,31985,-31771,-31518,-31265,-31012,-30759,-30506,-30253,-30000,-29747,-29494,-29241,-28988,-28735,-28482,-28229,-27976,-27723,-27470,-27217,-27071,-26964,-26711,-26458,-26205,-25952,-25699,-25446,-25193,-24940,-24687,-24434,-24181,-23928,-23675,-23422,-23169,-22916,-22663,-22410,-22157,-21904,-21651,-21398,-21145,-20892,-20639,-20386,-20133,-19880,-19627,-19374,-19121,-18868,-18615,-18362,-18109,-17856,-17603,-17350,-17097,-16844,-16591,-16338,-16085,-15832,-15579,-15326,-15073,-14820,-14567,-14314,-14061,-13808,-13555,-13302,-13049,-12796,-12543,-12290,-12037,-11784,-11531,-11278,-11025,-10772,-10519,-10266,-10013,-9760,-9507,-9254,-9001,-8748,-8495,-8242,-7989,-7736,-7483,-7230,-6977,-6724,-6471,-6218,-5965,-5712,-5459,-5206,-4953,-4700,-4447,-4194,-3941,-3688,-3435,-3182,-2929,-2676,-2423,-2170,-1917,-1664,-1411,-1158,-905,-652,-399,-146
108,361,614,867,1120,1373,1626,1879,2132,2385,2638,2891,3144,3397,3650,3903,4156,4409,4662,4915,5168,5421,5674,5927,6180,6433,6686,6939,7192,7445,7698,7951,8204,8457,8710,8963,9216,9469,9722,9975,10228,10481,10734,10987,11240,11493,11746,11999,12252,12505,12758,13011,13264,13517,13770,14023,14276,14529,14782,15035,15288,15541,15794,16047,16300,16553,16806,17059,17312,17565,17818,18071,18324,18577,18830,19083,19336,19589,19842,20095,20348,20601,20854,21107,21360,21613,21866,22119,22372,22625,22878,23131,23384,23637,23890,24143,24396,24649,24902,25155,25408,25661,25914,26167,26420,26673,26926,27179,27432,27685,27938,28191,28444,28697,28950,29203,29456,29709,29962,30215,30468,30721,30974,31227,31480,31733,31986,-31770,-31517,-31264,-31011,-30758,-30505,-30252,-29999,-29746,-29493,-29240,-28987,-28734,-28481,-28228,-27975,-27722,-27469,-27324,-27216,-26963,-26710,-26457,-26204,-25951,-25698,-25445,-25192,-24939,-24686,-24433,-24180,-23927,-23674,-23421,-23168,-22915,-22662,-22409,-22156,-21903,-21650,-21397,-21144,-20891,-20638,-20385,-20132,-19879,-19626,-19373,-19120,-18867,-18614,-18361,-18108,-17855,-17602,-17349,-17096,-16843,-16590,-16337,-16084,-15831,-15578,-15325,-15072,-14819,-14566,-14313,-14060,-13807,-13554,-13301,-13048,-12795,-12542,-12289,-12036,-11783,-11530,-11277,-11024,-10771,-10518,-10265,-10012,-9759,-9506,-9253,-9000,-8747,-8494,-8241,-7988,-7735,-7482,-7229,-6976,-6723,-6470,-6217,-5964,-5711,-5458,-5205,-4952,-4699,-4446,-4193,-3940,-3687,-3434,-3181,-2928,-2675,-2422,-2169,-1916,-1663,-1410,-1157,-904,-651,-398,-145
109,362,615,868,1121,1374,1627,1880,2133,2386,2639,2892,3145,3398,3651,3904,4157,4410,4663,4916,5169,5422,5675,5928,6181,6434,6687,6940,7193,7446,7699,7952,8205,8458,8711,8964,9217,9470,9723,9976,10229,10482,10735,10988,11241,11494,11747,12000,12253,12506,12759,13012,13265,13518,13771,14024,14277,14530,14783,15036,15289,15542,15795,16048,16301,16554,16807,17060,17313,17566,17819,18072,18325,18578,18831,19084,19337,19590,19843,20096,20349,20602,20855,21108,21361,21614,21867,22120,22373,22626,22879,23132,23385,23638,23891,24144,24397,24650,24903,25156,25409,25662,25915,26168,26421,26674,26927,27180,27433,27686,27939,28192,28445,28698,28951,29204,29457,29710,29963,30216,30469,30722,30975,31228,31481,31734,31987,-31769,-31516,-31263,-31010,-30757,-30504,-30251,-29998,-29745,-29492,-29239,-28986,-28733,-28480,-28227,-27974,-27721,-27577,-27468,-27215,-26962,-26709,-26456,-26203,-25950,-25697,-25444,-25191,-24938,-24685,-24432,-24179,-23926,-23673,-23420,-23167,-22914,-22661,-22408,-22155,-21902,-21649,-21396,-21143,-20890,-20637,-20384,-20131,-19878,-19625,-19372,-19119,-18866,-18613,-18360,-18107,-17854,-17601,-17348,-17095,-16842,-16589,-16336,-16083,-15830,-15577,-15324,-15071,-14818,-14565,-14312,-14059,-13806,-13553,-13300,-13047,-12794,-12541,-12288,-12035,-11782,-11529,-11276,-11023,-10770,-10517,-10264,-10011,-9758,-9505,-9252,-8999,-8746,-8493,-8240,-7987,-7734,-7481,-7228,-6975,-6722,-6469,-6216,-5963,-5710,-5457,-5204,-4951,-4698,-4445,-4192,-3939,-3686,-3433,-3180,-2927,-2674,-2421,-2168,-1915,-1662,-1409,-1156,-903,-650,-397,-144
110,363,616,869,1122,1375,1628,1881,2134,2387,2640,2893,3146,3399,3652,3905,4158,4411,4664,4917,5170,5423,5676,5929,6182,6435,6688,6941,7194,7447,7700,7953,8206,8459,8712,8965,9218,9471,9724,9977,10230,10483,10736,10989,11242,11495,11748,12001,12254,12507,12760,13013,13266,13519,13772,14025,14278,14531,14784,15037,15290,15543,15796,16049,16302,16555,16808,17061,17314,17567,17820,18073,18326,18579,18832,19085,19338,19591,19844,20097,20350,20603,20856,21109,21362,21615,21868,22121,22374,22627,22880,23133,23386,23639,23892,24145,24398,24651,24904,25157,25410,25663,25916,26169,26422,26675,26928,27181,27434,27687,27940,28193,28446,28699,28952,29205,29458,29711,29964,30217,30470,30723,30976,31229,31482,31735,31988,-31768,-31515,-31262,-31009,-30756,-30503,-30250,-29997,-29744,-29491,-29238,-28985,-28732,-28479,-28226,-27973,-27830,-27720,-27467,-27214,-26961,-26708,-26455,-26202,-25949,-25696,-25443,-25190,-24937,-24684,-24431,-24178,-23925,-23672,-23419,-23166,-22913,-22660,-22407,-22154,-21901,-21648,-21395,-21142,-20889,-20636,-20383,-20130,-19877,-19624,-19371,-19118,-18865,-18612,-18359,-18106,-17853,-17600,-17347,-17094,-16841,-16588,-16335,-16082,-15829,-15576,-15323,-15070,-14817,-14564,-14311,-14058,-13805,-13552,-13299,-13046,-12793,-12540,-12287,-12034,-11781,-11528,-11275,-11022,-10769,-10516,-10263,-10010,-9757,-9504,-9251,-8998,-8745,-8492,-8239,-7986,-7733,-7480,-7227,-6974,-6721,-6468,-6215,-5962,-5709,-5456,-5203,-4950,-4697,-4444,-4191,-3938,-3685,-3432,-3179,-2926,-2673,-2420,-2167,-1914,-1661,-1408,-1155,-902,-649,-396,-143
111,364,617,870,1123,1376,1629,1882,2135,2388,2641,2894,3147,3400,3653,3906,4159,4412,4665,4918,5171,5424,5677,5930,6183,6436,6689,6942,7195,7448,7701,7954,8207,8460,8713,8966,9219,9472,9725,9978,10231,10484,10737,10990,11243,11496,11749,12002,12255,12508,12761,13014,13267,13520,13773,14026,14279,14532,14785,15038,15291,15544,15797,16050,16303,16556,16809,17062,17315,17568,17821,18074,18327,18580,18833,19086,19339,19592,19845,20098,20351,20604,20857,21110,21363,21616,21869,22122,22375,22628,22881,23134,23387,23640,23893,24146,24399,24652,24905,25158,25411,25664,25917,26170,26423,26676,26929,27182,27435,27688,27941,28194,28447,28700,28953,29206,29459,29712,29965,30218,30471,30724,30977,31230,31483,31736,31989,-31767,-31514,-31261,-31008,-30755,-30502,-30249,-29996,-29743,-29490,-29237,-28984,-28731,-28478,-28225,-28083,-27972,-27719,-27466,-27213,-26960,-26707,-26454,-26201,-25948,-25695,-25442,-25189,-24936,-24683,-24430,-24177,-23924,-23671,-23418,-23165,-22912,-22659,-22406,-22153,-21900,-21647,-21394,-21141,-20888,-20635,-20382,-20129,-19876,-19623,-19370,-19117,-18864,-18611,-18358,-18105,-17852,-17599,-17346,-17093,-16840,-16587,-16334,-16081,-15828,-15575,-15322,-15069,-14816,-14563,-14310,-14057,-13804,-13551,-13298,-13045,-12792,-12539,-12286,-12033,-11780,-11527,-11274,-11021,-10768,-10515,-10262,-10009,-9756,-9503,-9250,-8997,-8744,-8491,-8238,-7985,-7732,-7479,-7226,-6973,-6720,-6467,-6214,-5961,-5708,-5455,-5202,-4949,-4696,-4443,-4190,-3937,-3684,-3431,-3178,-2925,-2672,-2419,-2166,-1913,-1660,-1407,-1154,-901,-648,-395,-142
112,365,618,871,1124,1377,1630,1883,2136,2389,2642,2895,3148,3401,3654,3907,4160,4413,4666,4919,5172,5425,5678,5931,6184,6437,6690,6943,7196,7449,7702,7955,8208,8461,8714,8967,9220,9473,9726,9979,10232,10485,10738,10991,11244,11497,11750,12003,12256,12509,12762,13015,13268,13521,13774,14027,14280,14533,14786,15039,15292,15545,15798,16051,16304,16557,16810,17063,17316,17569,17822,18075,18328,18581,18834,19087,19340,19593,19846,20099,20352,20605,20858,21111,21364,21617,21870,22123,22376,22629,22882,23135,23388,23641,23894,24147,24400,24653,24906,25159,25412,25665,25918,26171,26424,26677,26930,27183,27436,27689,27942,28195,28448,28701,28954,29207,29460,29713,29966,30219,30472,30725,30978,31231,31484,31737,31990,-31766,-31513,-31260,-31007,-30754,-30501,-30248,-29995,-29742,-29489,-29236,-28983,-28730,-28477,-28336,-28224,-27971,-27718,-27465,-27212,-26959,-26706,-26453,-26200,-25947,-25694,-25441,-25188,-24935,-24682,-24429,-24176,-23923,-23670,-23417,-23164,-22911,-22658,-22405,-22152,-21899,-21646,-21393,-21140,-20887,-20634,-20381,-20128,-19875,-19622,-19369,-19116,-18863,-18610,-18357,-18104,-17851,-17598,-17345,-17092,-16839,-16586,-16333,-16080,-15827,-15574,-15321,-15068,-14815,-14562,-14309,-14056,-13803,-13550,-13297,-13044,-12791,-12538,-12285,-12032,-11779,-11526,-11273,-11020,-10767,-10514,-10261,-10008,-9755,-9502,-9249,-8996,-8743,-8490,-8237,-7984,-7731,-7478,-7225,-6972,-6719,-6466,-6213,-5960,-5707,-5454,-5201,-4948,-4695,-4442,-4189,-3936,-3683,-3430,-3177,-2924,-2671,-2418,-2165,-1912,-1659,-1406,-1153,-900,-647,-394,-141
113,366,619,872,1125,1378,1631,1884,2137,2390,2643,2896,3149,3402,3655,3908,4161,4414,4667,4920,5173,5426,5679,5932,6185,6438,6691,6944,7197,7450,7703,7956,8209,8462,8715,8968,9221,9474,9727,9980,10233,10486,10739,10992,11245,11498,11751,12004,12257,12510,12763,13016,13269,13522,13775,14028,14281,14534,14787,15040,15293,15546,15799,16052,16305,16558,16811,17064,17317,17570,17823,18076,18329,18582,18835,19088,19341,19594,19847,20100,20353,20606,20859,21112,21365,21618,21871,22124,22377,22630,22883,23136,23389,23642,23895,24148,24401,24654,24907,25160,25413,25666,25919,26172,26425,26678,26931,27184,27437,27690,27943,28196,28449,28702,28955,29208,29461,29714,29967,30220,30473,30726,30979,31232,31485,31738,31991,-31765,-31512,-31259,-31006,-30753,-30500,-30247,-29994,-29741,-29488,-29235,-28982,-28729,-28589,-28476,-28223,-27970,-27717,-27464,-27211,-26958,-26705,-26452,-26199,-25946,-25693,-25440,-25187,-24934,-24681,-24428,-24175,-23922,-23669,-23416,-23163,-22910,-22657,-22404,-22151,-21898,-21645,-21392,-21139,-20886,-20633,-20380,-20127,-19874,-19621,-19368,-19115,-18862,-18609,-18356,-18103,-17850,-17597,-17344,-17091,-16838,-16585,-16332,-16079,-15826,-15573,-15320,-15067,-14814,-14561,-14308,-14055,-13802,-13549,-13296,-13043,-12790,-12537,-12284,-12031,-11778,-11525,-11272,-11019,-10766,-10513,-10260,-10007,-9754,-9501,-9248,-8995,-8742,-8489,-8236,-7983,-7730,-7477,-7224,-6971,-6718,-6465,-6212,-5959,-5706,-5453,-5200,-4947,-4694,-4441,-4188,-3935,-3682,-3429,-3176,-2923,-2670,-2417,-2164,-1911,-1658,-1405,-1152,-899,-646,-393,-140
114,367,620,873,1126,1379,1632,1885,2138,2391,2644,2897,3150,3403,3656,3909,4162,4415,4668,4921,5174,5427,5680,5933,6186,6439,6692,6945,7198,7451,7704,7957,8210,8463,8716,8969,9222,9475,9728,9981,10234,10487,10740,10993,11246,11499,11752,12005,12258,12511,12764,13017,13270,13523,13776,14029,14282,14535,14788,15041,15294,15547,15800,16053,16306,16559,16812,17065,17318,17571,17824,18077,18330,18583,18836,19089,19342,19595,19848,20101,20354,20607,20860,21113,21366,21619,21872,22125,22378,22631,22884,23137,23390,23643,23896,24149,24402,24655,24908,25161,25414,25667,25920,26173,26426,26679,26932,27185,27438,27691,27944,28197,28450,28703,28956,29209,29462,29715,29968,30221,30474,30727,30980,31233,31486,31739,31992,-31764,-31511,-31258,-31005,-30752,-30499,-30246,-29993,-29740,-29487,-29234,-28981,-28842,-28728,-28475,-28222,-27969,-27716,-27463,-27210,-26957,-26704,-26451,-26198,-25945,-25692,-25439,-25186,-24933,-24680,-24427,-24174,-23921,-23668,-23415,-23162,-22909,-22656,-22403,-22150,-21897,-21644,-21391,-21138,-20885,-20632,-20379,-20126,-19873,-19620,-19367,-19114,-18861,-18608,-18355,-18102,-17849,-17596,-17343,-17090,-16837,-16584,-16331,-16078,-15825,-15572,-15319,-15066,-14813,-14560,-14307,-14054,-13801,-13548,-13295,-13042,-12789,-12536,-12283,-12030,-11777,-11524,-11271,-11018,-10765,-10512,-10259,-10006,-9753,-9500,-9247,-8994,-8741,-8488,-8235,-7982,-7729,-7476,-7223,-6970,-6717,-6464,-6211,-5958,-5705,-5452,-5199,-4946,-4693,-4440,-4187,-3934,-3681,-3428,-3175,-2922,-2669,-2416,-2163,-1910,-1657,-1404,-1151,-898,-645,-392,-139
115,368,621,874,1127,1380,1633,1886,2139,2392,2645,2898,3151,3404,3657,3910,4163,4416,4669,4922,5175,5428,5681,5934,6187,6440,6693,6946,7199,7452,7705,7958,8211,8464,8717,8970,9223,9476,9729,9982,10235,10488,10741,10994,11247,11500,11753,12006,12259,12512,12765,13018,13271,13524,13777,14030,14283,14536,14789,15042,15295,15548,15801,16054,16307,16560,16813,17066,17319,17572,17825,18078,18331,18584,18837,19090,19343,19596,19849,20102,20355,20608,20861,21114,21367,21620,21873,22126,22379,22632,22885,23138,23391,23644,23897,24150,24403,24656,24909,25162,25415,25668,25921,26174,26427,26680,26933,27186,27439,27692,27945,28198,28451,28704,28957,29210,29463,29716,29969,30222,30475,30728,30981,31234,31487,31740,31993,-31763,-31510,-31257,-31004,-30751,-30498,-30245,-29992,-29739,-29486,-29233,-29095,-28980,-28727,-28474,-28221,-27968,-27715,-27462,-27209,-26956,-26703,-26450,-26197,-25944,-25691,-25438,-25185,-24932,-24679,-24426,-24173,-23920,-23667,-23414,-23161,-22908,-22655,-22402,-22149,-21896,-21643,-21390,-21137,-20884,-20631,-20378,-20125,-19872,-19619,-19366,-19113,-18860,-18607,-18354,-18101,-17848,-17595,-17342,-17089,-16836,-16583,-16330,-16077,-15824,-15571,-15318,-15065,-14812,-14559,-14306,-14053,-13800,-13547,-13294,-13041,-12788,-12535,-12282,-12029,-11776,-11523,-11270,-11017,-10764,-10511,-10258,-10005,-9752,-9499,-9246,-8993,-8740,-8487,-8234,-7981,-7728,-7475,-7222,-6969,-6716,-6463,-6210,-5957,-5704,-5451,-5198,-4945,-4692,-4439,-4186,-3933,-3680,-3427,-3174,-2921,-2668,-2415,-2162,-1909,-1656,-1403,-1150,-897,-644,-391,-138
116,369,622,875,1128,1381,1634,1887,2140,2393,2646,2899,3152,3405,3658,3911,4164,4417,4670,4923,5176,5429,5682,5935,6188,6441,6694,6947,7200,7453,7706,7959,8212,8465,8718,8971,9224,9477,9730,9983,10236,10489,10742,10995,11248,11501,11754,12007,12260,12513,12766,13019,13272,13525,13778,14031,14284,14537,14790,15043,15296,15549,15802,16055,16308,16561,16814,17067,17320,17573,17826,18079,18332,18585,18838,19091,19344,19597,19850,20103,20356,20609,20862,21115,21368,21621,21874,22127,22380,22633,22886,23139,23392,23645,23898,24151,24404,24657,24910,25163,25416,25669,25922,26175,26428,26681,26934,27187,27440,27693,27946,28199,28452,28705,28958,29211,29464,29717,29970,30223,30476,30729,30982,31235,31488,31741,31994,-31762,-31509,-31256,-31003,-30750,-30497,-30244,-29991,-29738,-29485,-29348,-29232,-28979,-28726,-28473,-28220,-27967,-27714,-27461,-27208,-26955,-26702,-26449,-26196,-25943,-25690,-25437,-25184,-24931,-24678,-24425,-24172,-23919,-23666,-23413,-23160,-22907,-22654,-22401,-22148,-21895,-21642,-21389,-21136,-20883,-20630,-20377,-20124,-19871,-19618,-19365,-19112,-18859,-18606,-18353,-18100,-17847,-17594,-17341,-17088,-16835,-16582,-16329,-16076,-15823,-15570,-15317,-15064,-14811,-14558,-14305,-14052,-13799,-13546,-13293,-13040,-12787,-12534,-12281,-12028,-11775,-11522,-11269,-11016,-10763,-10510,-10257,-10004,-9751,-9498,-9245,-8992,-8739,-8486,-8233,-7980,-7727,-7474,-7221,-6968,-6715,-6462,-6209,-5956,-5703,-5450,-5197,-4944,-4691,-4438,-4185,-3932,-3679,-3426,-3173,-2920,-2667,-2414,-2161,-1908,-1655,-1402,-1149,-896,-643,-390,-137
117,370,623,876,1129,1382,1635,1888,2141,2394,2647,2900,3153,3406,3659,3912,4165,4418,4671,4924,5177,5430,5683,5936,6189,6442,6695,6948,7201,7454,7707,7960,8213,8466,8719,8972,9225,9478,9731,9984,10237,10490,10743,10996,11249,11502,11755,12008,12261,12514,12767,13020,13273,13526,13779,14032,14285,14538,14791,15044,15297,15550,15803,16056,16309,16562,16815,17068,17321,17574,17827,18080,18333,18586,18839,19092,19345,19598,19851,20104,20357,20610,20863,21116,21369,21622,21875,22128,22381,22634,22887,23140,23393,23646,23899,24152,24405,24658,24911,25164,25417,25670,25923,26176,26429,26682,26935,27188,27441,27694,27947,28200,28453,28706,28959,29212,29465,29718,29971,30224,30477,30730,30983,31236,31489,31742,31995,-31761,-31508,-31255,-31002,-30749,-30496,-30243,-29990,-29737,-29601,-29484,-29231,-28978,-28725,-28472,-28219,-27966,-27713,-27460,-27207,-26954,-26701,-26448,-26195,-25942,-25689,-25436,-25183,-24930,-24677,-24424,-24171,-23918,-23665,-23412,-23159,-22906,-22653,-22400,-22147,-21894,-21641,-21388,-21135,-20882,-20629,-20376,-20123,-19870,-19617,-19364,-19111,-18858,-18605,-18352,-18099,-17846,-17593,-17340,-17087,-16834,-16581,-16328,-16075,-15822,-15569,-15316,-15063,-14810,-14557,-14304,-14051,-13798,-13545,-13292,-13039,-12786,-12533,-12280,-12027,-11774,-11521,-11268,-11015,-10762,-10509,-10256,-10003,-9750,-9497,-9244,-8991,-8738,-8485,-8232,-7979,-7726,-7473,-7220,-6967,-6714,-6461,-6208,-5955,-5702,-5449,-5196,-4943,-4690,-4437,-4184,-3931,-3678,-3425,-3172,-2919,-2666,-2413,-2160,-1907,-1654,-1401,-1148,-895,-642,-389,-136
118,371,624,877,1130,1383,1636,1889,2142,2395,2648,2901,3154,3407,3660,3913,4166,4419,4672,4925,5178,5431,5684,5937,6190,6443,6696,6949,7202,7455,7708,7961,8214,8467,8720,8973,9226,9479,9732,9985,10238,10491,10744,10997,11250,11503,11756,12009,12262,12515,12768,13021,13274,13527,13780,14033,14286,14539,14792,15045,15298,15551,15804,16057,16310,16563,16816,17069,17322,17575,17828,18081,18334,18587,18840,19093,19346,19599,19852,20105,20358,20611,20864,21117,21370,21623,21876,22129,22382,22635,22888,23141,23394,23647,23900,24153,24406,24659,24912,25165,25418,25671,25924,26177,26430,26683,26936,27189,27442,27695,27948,28201,28454,28707,28960,29213,29466,29719,29972,30225,30478,30731,30984,31237,31490,31743,31996,-31760,-31507,-31254,-31001,-30748,-30495,-30242,-29989,-29854,-29736,-29483,-29230,-28977,-28724,-28471,-28218,-27965,-27712,-27459,-27206,-26953,-26700,-26447,-26194,-25941,-25688,-25435,-25182,-24929,-24676,-24423,-24170,-23917,-23664,-23411,-23158,-22905,-22652,-22399,-22146,-21893,-21640,-21387,-21134,-20881,-20628,-20375,-20122,-19869,-19616,-19363,-19110,-18857,-18604,-18351,-18098,-17845,-17592,-17339,-17086,-16833,-16580,-16327,-16074,-15821,-15568,-15315,-15062,-14809,-14556,-14303,-14050,-13797,-13544,-13291,-13038,-12785,-12532,-12279,-12026,-11773,-11520,-11267,-11014,-10761,-10508,-10255,-10002,-9749,-9496,-9243,-8990,-8737,-8484,-8231,-7978,-7725,-7472,-7219,-6966,-6713,-6460,-6207,-5954,-5701,-5448,-5195,-4942,-4689,-4436,-4183,-3930,-3677,-3424,-3171,-2918,-2665,-2412,-2159,-1906,-1653,-1400,-1147,-894,-641,-388,-135
119,372,625,878,1131,1384,1637,1890,2143,2396,2649,2902,3155,3408,3661,3914,4167,4420,4673,4926,5179,5432,5685,5938,6191,6444,6697,6950,7203,7456,7709,7962,8215,8468,8721,8974,9227,9480,9733,9986,10239,10492,10745,10998,11251,11504,11757,12010,12263,12516,12769,13022,13275,13528,13781,14034,14287,14540,14793,15046,15299,15552,15805,16058,16311,16564,16817,17070,17323,17576,17829,18082,18335,18588,18841,19094,19347,19600,19853,20106,20359,20612,20865,21118,21371,21624,21877,22130,22383,22636,22889,23142,23395,23648,23901,24154,24407,24660,24913,25166,25419,25672,25925,26178,26431,26684,26937,27190,27443,27696,27949,28202,28455,28708,28961,29214,29467,29720,29973,30226,30479,30732,30985,31238,31491,31744,31997,-31759,-31506,-31253,-31000,-30747,-30494,-30241,-30107,-29988,-29735,-29482,-29229,-28976,-28723,-28470,-28217,-27964,-27711,-27458,-27205,-26952,-26699,-26446,-26193,-25940,-25687,-25434,-25181,-24928,-24675,-24422,-24169,-23916,-23663,-23410,-23157,-22904,-22651,-22398,-22145,-21892,-21639,-21386,-21133,-20880,-20627,-20374,-20121,-19868,-19615,-19362,-19109,-18856,-18603,-18350,-18097,-17844,-17591,-17338,-17085,-16832,-16579,-16326,-16073,-15820,-15567,-15314,-15061,-14808,-14555,-14302,-14049,-13796,-13543,-13290,-13037,-12784,-12531,-12278,-12025,-11772,-11519,-11266,-11013,-10760,-10507,-10254,-10001,-9748,-9495,-9242,-8989,-8736,-8483,-8230,-7977,-7724,-7471,-7218,-6965,-6712,-6459,-6206,-5953,-5700,-5447,-5194,-4941,-4688,-4435,-4182,-3929,-3676,-3423,-3170,-2917,-2664,-2411,-2158,-1905,-1652,-1399,-1146,-893,-640,-387,-134
120,373,626,879,1132,1385,1638,1891,2144,2397,2650,2903,3156,3409,3662,3915,4168,4421,4674,4927,5180,5433,5686,5939,6192,6445,6698,6951,7204,7457,7710,7963,8216,8469,8722,8975,9228,9481,9734,9987,10240,10493,10746,10999,11252,11505,11758,12011,12264,12517,12770,13023,13276,13529,13782,14035,14288,14541,14794,15047,15300,15553,15806,16059,16312,16565,16818,17071,17324,17577,17830,18083,18336,18589,18842,19095,19348,19601,19854,20107,20360,20613,20866,21119,21372,21625,21878,22131,22384,22637,22890,23143,23396,23649,23902,24155,24408,24661,24914,25167,25420,25673,25926,26179,26432,26685,26938,27191,27444,27697,27950,28203,28456,28709,28962,29215,29468,29721,29974,30227,30480,30733,30986,31239,31492,31745,31998,-31758,-31505,-31252,-30999,-30746,-30493,-30360,-30240,-29987,-29734,-29481,-29228,-28975,-28722,-28469,-28216,-27963,-27710,-27457,-27204,-26951,-26698,-26445,-26192,-25939,-25686,-25433,-25180,-24927,-24674,-24421,-24168,-23915,-23662,-23409,-23156,-22903,-22650,-22397,-22144,-21891,-21638,-21385,-21132,-20879,-20626,-20373,-20120,-19867,-19614,-19361,-19108,-18855,-18602,-18349,-18096,-17843,-17590,-17337,-17084,-16831,-16578,-16325,-16072,-15819,-15566,-15313,-15060,-14807,-14554,-14301,-14048,-13795,-13542,-13289,-13036,-12783,-12530,-12277,-12024,-11771,-11518,-11265,-11012,-10759,-10506,-10253,-10000,-9747,-9494,-9241,-8988,-8735,-8482,-8229,-7976,-7723,-7470,-7217,-6964,-6711,-6458,-6205,-5952,-5699,-5446,-5193,-4940,-4687,-4434,-4181,-3928,-3675,-3422,-3169,-2916,-2663,-2410,-2157,-1904,-1651,-1398,-1145,-892,-639,-386,-133
121,374,627,880,1133,1386,1639,1892,2145,2398,2651,2904,3157,3410,3663,3916,4169,4422,4675,4928,5181,5434,5687,5940,6193,6446,6699,6952,7205,7458,7711,7964,8217,8470,8723,8976,9229,9482,9735,9988,10241,10494,10747,11000,11253,11506,11759,12012,12265,12518,12771,13024,13277,13530,13783,14036,14289,14542,14795,15048,15301,15554,15807,16060,16313,16566,16819,17072,17325,17578,17831,18084,18337,18590,18843,19096,19349,19602,19855,20108,20361,20614,20867,21120,21373,21626,21879,22132,22385,22638,22891,23144,23397,23650,23903,24156,24409,24662,24915,25168,25421,25674,25927,26180,26433,26686,26939,27192,27445,27698,27951,28204,28457,28710,28963,29216,29469,29722,29975,30228,30481,30734,30987,31240,31493,31746,31999,-31757,-31504,-31251,-30998,-30745,-30613,-30492,-30239,-29986,-29733,-29480,-29227,-28974,-28721,-28468,-28215,-27962,-27709,-27456,-27203,-26950,-26697,-26444,-26191,-25938,-25685,-25432,-25179,-24926,-24673,-24420,-24167,-23914,-23661,-23408,-23155,-22902,-22649,-22396,-22143,-21890,-21637,-21384,-21131,-20878,-20625,-20372,-20119,-19866,-19613,-19360,-19107,-18854,-18601,-18348,-18095,-17842,-17589,-17336,-17083,-16830,-16577,-16324,-16071,-15818,-15565,-15312,-15059,-14806,-14553,-14300,-14047,-13794,-13541,-13288,-13035,-12782,-12529,-12276,-12023,-11770,-11517,-11264,-11011,-10758,-10505,-10252,-9999,-9746,-9493,-9240,-8987,-8734,-8481,-8228,-7975,-7722,-7469,-7216,-6963,-6710,-6457,-6204,-5951,-5698,-5445,-5192,-4939,-4686,-4433,-4180,-3927,-3674,-3421,-3168,-2915,-2662,-2409,-2156,-1903,-1650,-1397,-1144,-891,-638,-385,-132
122,375,628,881,1134,1387,1640,1893,2146,2399,2652,2905,3158,3411,3664,3917,4170,4423,4676,4929,5182,5435,5688,5941,6194,6447,6700,6953,7206,7459,7712,7965,8218,8471,8724,8977,9230,9483,9736,9989,10242,10495,10748,11001,11254,11507,11760,12013,12266,12519,12772,13025,13278,13531,13784,14037,14290,14543,14796,15049,15302,15555,15808,16061,16314,16567,16820,17073,17326,17579,17832,18085,18338,18591,18844,19097,19350,19603,19856,20109,20362,20615,20868,21121,21374,21627,21880,22133,22386,22639,22892,23145,23398,23651,23904,24157,24410,24663,24916,25169,25422,25675,25928,26181,26434,26687,26940,27193,27446,27699,27952,28205,28458,28711,28964,29217,29470,29723,29976,30229,30482,30735,30988,31241,31494,31747,32000,-31756,-31503,-31250,-30997,-30866,-30744,-30491,-30238,-29985,-29732,-29479,-29226,-28973,-28720,-28467,-28214,-27961,-27708,-27455,-27202,-26949,-26696,-26443,-26190,-25937,-25684,-25431,-25178,-24925,-24672,-24419,-24166,-23913,-23660,-23407,-23154,-22901,-22648,-22395,-22142,-21889,-21636,-21383,-21130,-20877,-20624,-20371,-20118,-19865,-19612,-19359,-19106,-18853,-18600,-18347,-18094,-17841,-17588,-17335,-17082,-16829,-16576,-16323,-16070,-15817,-15564,-15311,-15058,-14805,-14552,-14299,-14046,-13793,-13540,-13287,-13034,-12781,-12528,-12275,-12022,-11769,-11516,-11263,-11010,-10757,-10504,-10251,-9998,-9745,-9492,-9239,-8986,-8733,-8480,-8227,-7974,-7721,-7468,-7215,-6962,-6709,-6456,-6203,-5950,-5697,-5444,-5191,-4938,-4685,-4432,-4179,-3926,-3673,-3420,-3167,-2914,-2661,-2408,-2155,-1902,-1649,-1396,-1143,-890,-637,-384,-131
123,376,629,882,1135,1388,1641,1894,2147,2400,2653,2906,3159,3412,3665,3918,4171,4424,4677,4930,5183,5436,5689,5942,6195,6448,6701,6954,7207,7460,7713,7966,8219,8472,8725,8978,9231,9484,9737,9990,10243,10496,10749,11002,11255,11508,11761,12014,12267,12520,12773,13026,13279,13532,13785,14038,14291,14544,14797,15050,15303,15556,15809,16062,16315,16568,16821,17074,17327,17580,17833,18086,18339,18592,18845,19098,19351,19604,19857,20110,20363,20616,20869,21122,21375,21628,21881,22134,22387,22640,22893,23146,23399,23652,23905,24158,24411,24664,24917,25170,25423,25676,25929,26182,26435,26688,26941,27194,27447,27700,27953,28206,28459,28712,28965,29218,29471,29724,29977,30230,30483,30736,30989,31242,31495,31748,32001,-31755,-31502,-31249,-31119,-30996,-30743,-30490,-30237,-29984,-29731,-29478,-29225,-28972,-28719,-28466,-28213,-27960,-27707,-27454,-27201,-26948,-26695,-26442,-26189,-25936,-25683,-25430,-25177,-24924,-24671,-24418,-24165,-23912,-23659,-23406,-23153,-22900,-22647,-22394,-22141,-21888,-21635,-21382,-21129,-20876,-20623,-20370,-20117,-19864,-19611,-19358,-19105,-18852,-18599,-18346,-18093,-17840,-17587,-17334,-17081,-16828,-16575,-16322,-16069,-15816,-15563,-15310,-15057,-14804,-14551,-14298,-14045,-13792,-13539,-13286,-13033,-12780,-12527,-12274,-12021,-11768,-11515,-11262,-11009,-10756,-10503,-10250,-9997,-9744,-9491,-9238,-8985,-8732,-8479,-8226,-7973,-7720,-7467,-7214,-6961,-6708,-6455,-6202,-5949,-5696,-5443,-5190,-4937,-4684,-4431,-4178,-3925,-3672,-3419,-3166,-2913,-2660,-2407,-2154,-1901,-1648,-1395,-1142,-889,-636,-383,-130
124,377,630,883,1136,1389,1642,1895,2148,2401,2654,2907,3160,3413,3666,3919,4172,4425,4678,4931,5184,5437,5690,5943,6196,6449,6702,6955,7208,7461,7714,7967,8220,8473,8726,8979,9232,9485,9738,9991,10244,10497,10750,11003,11256,11509,11762,12015,12268,12521,12774,13027,13280,13533,13786,14039,14292,14545,14798,15051,15304,15557,15810,16063,16316,16569,16822,17075,17328,17581,17834,18087,18340,18593,18846,19099,19352,19605,19858,20111,20364,20617,20870,21123,21376,21629,21882,22135,22388,22641,22894,23147,23400,23653,23906,24159,24412,24665,24918,25171,25424,25677,25930,26183,26436,26689,26942,27195,27448,27701,27954,28207,28460,28713,28966,29219,29472,29725,29978,30231,30484,30737,30990,31243,31496,31749,32002,-31754,-31501,-31372,-31248,-30995,-30742,-30489,-30236,-29983,-29730,-29477,-29224,-28971,-28718,-28465,-28212,-27959,-27706,-27453,-27200,-26947,-26694,-26441,-26188,-25935,-25682,-25429,-25176,-24923,-24670,-24417,-24164,-23911,-23658,-23405,-23152,-22899,-22646,-22393,-22140,-21887,-21634,-21381,-21128,-20875,-20622,-20369,-20116,-19863,-19610,-19357,-19104,-18851,-18598,-18345,-18092,-17839,-17586,-17333,-17080,-16827,-16574,-16321,-16068,-15815,-15562,-15309,-15056,-14803,-14550,-14297,-14044,-13791,-13538,-13285,-13032,-12779,-12526,-12273,-12020,-11767,-11514,-11261,-11008,-10755,-10502,-10249,-9996,-9743,-9490,-9237,-8984,-8731,-8478,-8225,-7972,-7719,-7466,-7213,-6960,-6707,-6454,-6201,-5948,-5695,-5442,-5189,-4936,-4683,-4430,-4177,-3924,-3671,-3418,-3165,-2912,-2659,-2406,-2153,-1900,-1647,-1394,-1141,-888,-635,-382,-129
125,378,631,884,1137,1390,1643,1896,2149,2402,2655,2908,3161,3414,3667,3920,4173,4426,4679,4932,5185,5438,5691,5944,6197,6450,6703,6956,7209,7462,7715,7968,8221,8474,8727,8980,9233,9486,9739,9992,10245,10498,10751,11004,11257,11510,11763,12016,12269,12522,12775,13028,13281,13534,13787,14040,14293,14546,14799,15052,15305,15558,15811,16064,16317,16570,16823,17076,17329,17582,17835,18088,18341,18594,18847,19100,19353,19606,19859,20112,20365,20618,20871,21124,21377,21630,21883,22136,22389,22642,22895,23148,23401,23654,23907,24160,24413,24666,24919,25172,25425,25678,25931,26184,26437,26690,26943,27196,27449,27702,27955,28208,28461,28714,28967,29220,29473,29726,29979,30232,30485,30738,30991,31244,31497,31750,32003,-31753,-31625,-31500,-31247,-30994,-30741,-30488,-30235,-29982,-29729,-29476,-29223,-28970,-28717,-28464,-28211,-27958,-27705,-27452,-27199,-26946,-26693,-26440,-26187,-25934,-25681,-25428,-25175,-24922,-24669,-24416,-24163,-23910,-23657,-23404,-23151,-22898,-22645,-22392,-22139,-21886,-21633,-21380,-21127,-20874,-20621,-20368,-20115,-19862,-19609,-19356,-19103,-18850,-18597,-18344,-18091,-17838,-17585,-17332,-17079,-16826,-16573,-16320,-16067,-15814,-15561,-15308,-15055,-14802,-14549,-14296,-14043,-13790,-13537,-13284,-13031,-12778,-12525,-12272,-12019,-11766,-11513,-11260,-11007,-10754,-10501,-10248,-9995,-9742,-9489,-9236,-8983,-8730,-8477,-8224,-7971,-7718,-7465,-7212,-6959,-6706,-6453,-6200,-5947,-5694,-5441,-5188,-4935,-4682,-4429,-4176,-3923,-3670,-3417,-3164,-2911,-2658,-2405,-2152,-1899,-1646,-1393,-1140,-887,-634,-381,-128
126,379,632,885,1138,1391,1644,1897,2150,2403,2656,2909,3162,3415,3668,3921,4174,4427,4680,4933,5186,5439,5692,5945,6198,6451,6704,6957,7210,7463,7716,7969,8222,8475,8728,8981,9234,9487,9740,9993,10246,10499,10752,11005,11258,11511,11764,12017,12270,12523,12776,13029,13282,13535,13788,14041,14294,14547,14800,15053,15306,15559,15812,16065,16318,16571,16824,17077,17330,17583,17836,18089,18342,18595,18848,19101,19354,19607,19860,20113,20366,20619,20872,21125,21378,21631,21884,22137,22390,22643,22896,23149,23402,23655,23908,24161,24414,24667,24920,25173,25426,25679,25932,26185,26438,26691,26944,27197,27450,27703,27956,28209,28462,28715,28968,29221,29474,29727,29980,30233,30486,30739,30992,31245,31498,31751,32004,-31878,-31752,-31499,-31246,-30993,-30740,-30487,-30234,-29981,-29728,-29475,-29222,-28969,-28716,-28463,-28210,-27957,-27704,-27451,-27198,-26945,-26692,-26439,-26186,-25933,-25680,-25427,-25174,-24921,-24668,-24415,-24162,-23909,-23656,-23403,-23150,-22897,-22644,-22391,-22138,-21885,-21632,-21379,-21126,-20873,-20620,-20367,-20114,-19861,-19608,-19355,-19102,-18849,-18596,-18343,-18090,-17837,-17584,-17331,-17078,-16825,-16572,-16319,-16066,-15813,-15560,-15307,-15054,-14801,-14548,-14295,-14042,-13789,-13536,-13283,-13030,-12777,-12524,-12271,-12018,-11765,-11512,-11259,-11006,-10753,-10500,-10247,-9994,-9741,-9488,-9235,-8982,-8729,-8476,-8223,-7970,-7717,-7464,-7211,-6958,-6705,-6452,-6199,-5946,-5693,-5440,-5187,-4934,-4681,-4428,-4175,-3922,-3669,-3416,-3163,-2910,-2657,-2404,-2151,-1898,-1645,-1392,-1139,-886,-633,-380,-127
127,380,633,886,1139,1392,1645,1898,2151,2404,2657,2910,3163,3416,3669,3922,4175,4428,4681,4934,5187,5440,5693,5946,6199,6452,6705,6958,7211,7464,7717,7970,8223,8476,8729,8982,9235,9488,9741,9994,10247,10500,10753,11006,11259,11512,11765,12018,12271,12524,12777,13030,13283,13536,13789,14042,14295,14548,14801,15054,15307,15560,15813,16066,16319,16572,16825,17078,17331,17584,17837,18090,18343,18596,18849,19102,19355,19608,19861,20114,20367,20620,20873,21126,21379,21632,21885,22138,22391,22644,22897,23150,23403,23656,23909,24162,24415,24668,24921,25174,25427,25680,25933,26186,26439,26692,26945,27198,27451,27704,27957,28210,28463,28716,28969,29222,29475,29728,29981,30234,30487,30740,30993,31246,31499,31752,31878,-32004,-31751,-31498,-31245,-30992,-30739,-30486,-30233,-29980,-29727,-29474,-29221,-28968,-28715,-28462,-28209,-27956,-27703,-27450,-27197,-26944,-26691,-26438,-26185,-25932,-25679,-25426,-25173,-24920,-24667,-24414,-24161,-23908,-23655,-23402,-23149,-22896,-22643,-22390,-22137,-21884,-21631,-21378,-21125,-20872,-20619,-20366,-20113,-19860,-19607,-19354,-19101,-18848,-18595,-18342,-18089,-17836,-17583,-17330,-17077,-16824,-16571,-16318,-16065,-15812,-15559,-15306,-15053,-14800,-14547,-14294,-14041,-13788,-13535,-13282,-13029,-12776,-12523,-12270,-12017,-11764,-11511,-11258,-11005,-10752,-10499,-10246,-9993,-9740,-9487,-9234,-8981,-8728,-8475,-8222,-7969,-7716,-7463,-7210,-6957,-6704,-6451,-6198,-5945,-5692,-5439,-5186,-4933,-4680,-4427,-4174,-3921,-3668,-3415,-3162,-2909,-2656,-2403,-2150,-1897,-1644,-1391,-1138,-885,-632,-379,-126
128,381,634,887,1140,1393,1646,1899,2152,2405,2658,2911,3164,3417,3670,3923,4176,4429,4682,4935,5188,5441,5694,5947,6200,6453,6706,6959,7212,7465,7718,7971,8224,8477,8730,8983,9236,9489,9742,9995,10248,10501,10754,11007,11260,11513,11766,12019,12272,12525,12778,13031,13284,13537,13790,14043,14296,14549,14802,15055,15308,15561,15814,16067,16320,16573,16826,17079,17332,17585,17838,18091,18344,18597,18850,19103,19356,19609,19862,20115,20368,20621,20874,21127,21380,21633,21886,22139,22392,22645,22898,23151,23404,23657,23910,24163,24416,24669,24922,25175,25428,25681,25934,26187,26440,26693,26946,27199,27452,27705,27958,28211,28464,28717,28970,29223,29476,29729,29982,30235,30488,30741,30994,31247,31500,31625,31753,-32003,-31750,-31497,-31244,-30991,-30738,-30485,-30232,-29979,-29726,-29473,-29220,-28967,-28714,-28461,-28208,-27955,-27702,-27449,-27196,-26943,-26690,-26437,-26184,-25931,-25678,-25425,-25172,-24919,-24666,-24413,-24160,-23907,-23654,-23401,-23148,-22895,-22642,-22389,-22136,-21883,-21630,-21377,-21124,-20871,-20618,-20365,-20112,-19859,-19606,-19353,-19100,-18847,-18594,-18341,-18088,-17835,-17582,-17329,-17076,-16823,-16570,-16317,-16064,-15811,-15558,-15305,-15052,-14799,-14546,-14293,-14040,-13787,-13534,-13281,-13028,-12775,-12522,-12269,-12016,-11763,-11510,-11257,-11004,-10751,-10498,-10245,-9992,-9739,-9486,-9233,-8980,-8727,-8474,-8221,-7968,-7715,-7462,-7209,-6956,-6703,-6450,-6197,-5944,-5691,-5438,-5185,-4932,-4679,-4426,-4173,-3920,-3667,-3414,-3161,-2908,-2655,-2402,-2149,-1896,-1643,-1390,-1137,-884,-631,-378,-125
129,382,635,888,1141,1394,1647,1900,2153,2406,2659,2912,3165,3418,3671,3924,4177,4430,4683,4936,5189,5442,5695,5948,6201,6454,6707,6960,7213,7466,7719,7972,8225,8478,8731,8984,9237,9490,9743,9996,10249,10502,10755,11008,11261,11514,11767,12020,12273,12526,12779,13032,13285,13538,13791,14044,14297,14550,14803,15056,15309,15562,15815,16068,16321,16574,16827,17080,17333,17586,17839,18092,18345,18598,18851,19104,19357,19610,19863,20116,20369,20622,20875,21128,21381,21634,21887,22140,22393,22646,22899,23152,23405,23658,23911,24164,24417,24670,24923,25176,25429,25682,25935,26188,26441,26694,26947,27200,27453,27706,27959,28212,28465,28718,28971,29224,29477,29730,29983,30236,30489,30742,30995,31248,31372,31501,31754,-32002,-31749,-31496,-31243,-30990,-30737,-30484,-30231,-29978,-29725,-29472,-29219,-28966,-28713,-28460,-28207,-27954,-27701,-27448,-27195,-26942,-26689,-26436,-26183,-25930,-25677,-25424,-25171,-24918,-24665,-24412,-24159,-23906,-23653,-23400,-23147,-22894,-22641,-22388,-22135,-21882,-21629,-21376,-21123,-20870,-20617,-20364,-20111,-19858,-19605,-19352,-19099,-18846,-18593,-18340,-18087,-17834,-17581,-17328,-17075,-16822,-16569,-16316,-16063,-15810,-15557,-15304,-15051,-14798,-14545,-14292,-14039,-13786,-13533,-13280,-13027,-12774,-12521,-12268,-12015,-11762,-11509,-11256,-11003,-10750,-10497,-10244,-9991,-9738,-9485,-9232,-8979,-8726,-8473,-8220,-7967,-7714,-7461,-7208,-6955,-6702,-6449,-6196,-5943,-5690,-5437,-5184,-4931,-4678,-4425,-4172,-3919,-3666,-3413,-3160,-2907,-2654,-2401,-2148,-1895,-1642,-1389,-1136,-883,-630,-377,-124
130,383,636,889,1142,1395,1648,1901,2154,2407,2660,2913,3166,3419,3672,3925,4178,4431,4684,4937,5190,5443,5696,5949,6202,6455,6708,6961,7214,7467,7720,7973,8226,8479,8732,8985,9238,9491,9744,9997,10250,10503,10756,11009,11262,11515,11768,12021,12274,12527,12780,13033,13286,13539,13792,14045,14298,14551,14804,15057,15310,15563,15816,16069,16322,16575,16828,17081,17334,17587,17840,18093,18346,18599,18852,19105,19358,19611,19864,20117,20370,20623,20876,21129,21382,21635,21888,22141,22394,22647,22900,23153,23406,23659,23912,24165,24418,24671,24924,25177,25430,25683,25936,26189,26442,26695,26948,27201,27454,27707,27960,28213,28466,28719,28972,29225,29478,29731,29984,30237,30490,30743,30996,31119,31249,31502,31755,-32001,-31748,-31495,-31242,-30989,-30736,-30483,-30230,-29977,-29724,-29471,-29218,-28965,-28712,-28459,-28206,-27953,-27700,-27447,-27194,-26941,-26688,-26435,-26182,-25929,-25676,-25423,-25170,-24917,-24664,-24411,-24158,-23905,-23652,-23399,-23146,-22893,-22640,-22387,-22134,-21881,-21628,-21375,-21122,-20869,-20616,-20363,-20110,-19857,-19604,-19351,-19098,-18845,-18592,-18339,-18086,-17833,-17580,-17327,-17074,-16821,-16568,-16315,-16062,-15809,-15556,-15303,-15050,-14797,-14544,-14291,-14038,-13785,-13532,-13279,-13026,-12773,-12520,-12267,-12014,-11761,-11508,-11255,-11002,-10749,-10496,-10243,-9990,-9737,-9484,-9231,-8978,-8725,-8472,-8219,-7966,-7713,-7460,-7207,-6954,-6701,-6448,-6195,-5942,-5689,-5436,-5183,-4930,-4677,-4424,-4171,-3918,-3665,-3412,-3159,-2906,-2653,-2400,-2147,-1894,-1641,-1388,-1135,-882,-629,-376,-123
131,384,637,890,1143,1396,1649,1902,2155,2408,2661,2914,3167,3420,3673,3926,4179,4432,4685,4938,5191,5444,5697,5950,6203,6456,6709,6962,7215,7468,7721,7974,8227,8480,8733,8986,9239,9492,9745,9998,10251,10504,10757,11010,11263,11516,11769,12022,12275,12528,12781,13034,13287,13540,13793,14046,14299,14552,14805,15058,15311,15564,15817,16070,16323,16576,16829,17082,17335,17588,17841,18094,18347,18600,18853,19106,19359,19612,19865,20118,20371,20624,20877,21130,21383,21636,21889,22142,22395,22648,22901,23154,23407,23660,23913,24166,24419,24672,24925,25178,25431,25684,25937,26190,26443,26696,26949,27202,27455,27708,27961,28214,28467,28720,28973,29226,29479,29732,29985,30238,30491,30744,30866,30997,31250,31503,31756,-32000,-31747,-31494,-31241,-30988,-30735,-30482,-30229,-29976,-29723,-29470,-29217,-28964,-28711,-28458,-28205,-27952,-27699,-27446,-27193,-26940,-26687,-26434,-26181,-25928,-25675,-25422,-25169,-24916,-24663,-24410,-24157,-23904,-23651,-23398,-23145,-22892,-22639,-22386,-22133,-21880,-21627,-21374,-21121,-20868,-20615,-20362,-20109,-19856,-19603,-19350,-19097,-18844,-18591,-18338,-18085,-17832,-17579,-17326,-17073,-16820,-16567,-16314,-16061,-15808,-15555,-15302,-15049,-14796,-14543,-14290,-14037,-13784,-13531,-13278,-13025,-12772,-12519,-12266,-12013,-11760,-11507,-11254,-11001,-10748,-10495,-10242,-9989,-9736,-9483,-9230,-8977,-8724,-8471,-8218,-7965,-7712,-7459,-7206,-6953,-6700,-6447,-6194,-5941,-5688,-5435,-5182,-4929,-4676,-4423,-4170,-3917,-3664,-3411,-3158,-2905,-2652,-2399,-2146,-1893,-1640,-1387,-1134,-881,-628,-375,-122
132,385,638,891,1144,1397,1650,1903,2156,2409,2662,2915,3168,3421,3674,3927,4180,4433,4686,4939,5192,5445,5698,5951,6204,6457,6710,6963,7216,7469,7722,7975,8228,8481,8734,8987,9240,9493,9746,9999,10252,10505,10758,11011,11264,11517,11770,12023,12276,12529,12782,13035,13288,13541,13794,14047,14300,14553,14806,15059,15312,15565,15818,16071,16324,16577,16830,17083,17336,17589,17842,18095,18348,18601,18854,19107,19360,19613,19866,20119,20372,20625,20878,21131,21384,21637,21890,22143,22396,22649,22902,23155,23408,23661,23914,24167,24420,24673,24926,25179,25432,25685,25938,26191,26444,26697,26950,27203,27456,27709,27962,28215,28468,28721,28974,29227,29480,29733,29986,30239,30492,30613,30745,30998,31251,31504,31757,-31999,-31746,-31493,-31240,-30987,-30734,-30481,-30228,-29975,-29722,-29469,-29216,-28963,-28710,-28457,-28204,-27951,-27698,-27445,-27192,-26939,-26686,-26433,-26180,-25927,-25674,-25421,-25168,-24915,-24662,-24409,-24156,-23903,-23650,-23397,-23144,-22891,-22638,-22385,-22132,-21879,-21626,-21373,-21120,-20867,-20614,-20361,-20108,-19855,-19602,-19349,-19096,-18843,-18590,-18337,-18084,-17831,-17578,-17325,-17072,-16819,-16566,-16313,-16060,-15807,-15554,-15301,-15048,-14795,-14542,-14289,-14036,-13783,-13530,-13277,-13024,-12771,-12518,-12265,-12012,-11759,-11506,-11253,-11000,-10747,-10494,-10241,-9988,-9735,-9482,-9229,-8976,-8723,-8470,-8217,-7964,-7711,-7458,-7205,-6952,-6699,-6446,-6193,-5940,-5687,-5434,-5181,-4928,-4675,-4422,-4169,-3916,-3663,-3410,-3157,-2904,-2651,-2398,-2145,-1892,-1639,-1386,-1133,-880,-627,-374,-121
133,386,639,892,1145,1398,1651,1904,2157,2410,2663,2916,3169,3422,3675,3928,4181,4434,4687,4940,5193,5446,5699,5952,6205,6458,6711,6964,7217,7470,7723,7976,8229,8482,8735,8988,9241,9494,9747,10000,10253,10506,10759,11012,11265,11518,11771,12024,12277,12530,12783,13036,13289,13542,13795,14048,14301,14554,14807,15060,15313,15566,15819,16072,16325,16578,16831,17084,17337,17590,17843,18096,18349,18602,18855,19108,19361,19614,19867,20120,20373,20626,20879,21132,21385,21638,21891,22144,22397,22650,22903,23156,23409,23662,23915,24168,24421,24674,24927,25180,25433,25686,25939,26192,26445,26698,26951,27204,27457,27710,27963,28216,28469,28722,28975,29228,29481,29734,29987,30240,30360,30493,30746,30999,31252,31505,31758,-31998,-31745,-31492,-31239,-30986,-30733,-30480,-30227,-29974,-29721,-29468,-29215,-28962,-28709,-28456,-28203,-27950,-27697,-27444,-27191,-26938,-26685,-26432,-26179,-25926,-25673,-25420,-25167,-24914,-24661,-24408,-24155,-23902,-23649,-23396,-23143,-22890,-22637,-22384,-22131,-21878,-21625,-21372,-21119,-20866,-20613,-20360,-20107,-19854,-19601,-19348,-19095,-18842,-18589,-18336,-18083,-17830,-17577,-17324,-17071,-16818,-16565,-16312,-16059,-15806,-15553,-15300,-15047,-14794,-14541,-14288,-14035,-13782,-13529,-13276,-13023,-12770,-12517,-12264,-12011,-11758,-11505,-11252,-10999,-10746,-10493,-10240,-9987,-9734,-9481,-9228,-8975,-8722,-8469,-8216,-7963,-7710,-7457,-7204,-6951,-6698,-6445,-6192,-5939,-5686,-5433,-5180,-4927,-4674,-4421,-4168,-3915,-3662,-3409,-3156,-2903,-2650,-2397,-2144,-1891,-1638,-1385,-1132,-879,-626,-373,-120
134,387,640,893,1146,1399,1652,1905,2158,2411,2664,2917,3170,3423,3676,3929,4182,4435,4688,4941,5194,5447,5700,5953,6206,6459,6712,6965,7218,7471,7724,7977,8230,8483,8736,8989,9242,9495,9748,10001,10254,10507,10760,11013,11266,11519,11772,12025,12278,12531,12784,13037,13290,13543,13796,14049,14302,14555,14808,15061,15314,15567,15820,16073,16326,16579,16832,17085,17338,17591,17844,18097,18350,18603,18856,19109,19362,19615,19868,20121,20374,20627,20880,21133,21386,21639,21892,22145,22398,22651,22904,23157,23410,23663,23916,24169,24422,24675,24928,25181,25434,25687,25940,26193,26446,26699,26952,27205,27458,27711,27964,28217,28470,28723,28976,29229,29482,29735,29988,30107,30241,30494,30747,31000,31253,31506,31759,-31997,-31744,-31491,-31238,-30985,-30732,-30479,-30226,-29973,-29720,-29467,-29214,-28961,-28708,-28455,-28202,-27949,-27696,-27443,-27190,-26937,-26684,-26431,-26178,-25925,-25672,-25419,-25166,-24913,-24660,-24407,-24154,-23901,-23648,-23395,-23142,-22889,-22636,-22383,-22130,-21877,-21624,-21371,-21118,-20865,-20612,-20359,-20106,-19853,-19600,-19347,-19094,-18841,-18588,-18335,-18082,-17829,-17576,-17323,-17070,-16817,-16564,-16311,-16058,-15805,-15552,-15299,-15046,-14793,-14540,-14287,-14034,-13781,-13528,-13275,-13022,-12769,-12516,-12263,-12010,-11757,-11504,-11251,-10998,-10745,-10492,-10239,-9986,-9733,-9480,-9227,-8974,-8721,-8468,-8215,-7962,-7709,-7456,-7203,-6950,-6697,-6444,-6191,-5938,-5685,-5432,-5179,-4926,-4673,-4420,-4167,-3914,-3661,-3408,-3155,-2902,-2649,-2396,-2143,-1890,-1637,-1384,-1131,-878,-625,-372,-119
135,388,641,894,1147,1400,1653,1906,2159,2412,2665,2918,3171,3424,3677,3930,4183,4436,4689,4942,5195,5448,5701,5954,6207,6460,6713,6966,7219,7472,7725,7978,8231,8484,8737,8990,9243,9496,9749,10002,10255,10508,10761,11014,11267,11520,11773,12026,12279,12532,12785,13038,13291,13544,13797,14050,14303,14556,14809,15062,15315,15568,15821,16074,16327,16580,16833,17086,17339,17592,17845,18098,18351,18604,18857,19110,19363,19616,19869,20122,20375,20628,20881,21134,21387,21640,21893,22146,22399,22652,22905,23158,23411,23664,23917,24170,24423,24676,24929,25182,25435,25688,25941,26194,26447,26700,26953,27206,27459,27712,27965,28218,28471,28724,28977,29230,29483,29736,29854,29989,30242,30495,30748,31001,31254,31507,31760,-31996,-31743,-31490,-31237,-30984,-30731,-30478,-30225,-29972,-29719,-29466,-29213,-28960,-28707,-28454,-28201,-27948,-27695,-27442,-27189,-26936,-26683,-26430,-26177,-25924,-25671,-25418,-25165,-24912,-24659,-24406,-24153,-23900,-23647,-23394,-23141,-22888,-22635,-22382,-22129,-21876,-21623,-21370,-21117,-20864,-20611,-20358,-20105,-19852,-19599,-19346,-19093,-18840,-18587,-18334,-18081,-17828,-17575,-17322,-17069,-16816,-16563,-16310,-16057,-15804,-15551,-15298,-15045,-14792,-14539,-14286,-14033,-13780,-13527,-13274,-13021,-12768,-12515,-12262,-12009,-11756,-11503,-11250,-10997,-10744,-10491,-10238,-9985,-9732,-9479,-9226,-8973,-8720,-8467,-8214,-7961,-7708,-7455,-7202,-6949,-6696,-6443,-6190,-5937,-5684,-5431,-5178,-4925,-4672,-4419,-4166,-3913,-3660,-3407,-3154,-2901,-2648,-2395,-2142,-1889,-1636,-1383,-1130,-877,-624,-371,-118
136,389,642,895,1148,1401,1654,1907,2160,2413,2666,2919,3172,3425,3678,3931,4184,4437,4690,4943,5196,5449,5702,5955,6208,6461,6714,6967,7220,7473,7726,7979,8232,8485,8738,8991,9244,9497,9750,10003,10256,10509,10762,11015,11268,11521,11774,12027,12280,12533,12786,13039,13292,13545,13798,14051,14304,14557,14810,15063,15316,15569,15822,16075,16328,16581,16834,17087,17340,17593,17846,18099,18352,18605,18858,19111,19364,19617,19870,20123,20376,20629,20882,21135,21388,21641,21894,22147,22400,22653,22906,23159,23412,23665,23918,24171,24424,24677,24930,25183,25436,25689,25942,26195,26448,26701,26954,27207,27460,27713,27966,28219,28472,28725,28978,29231,29484,29601,29737,29990,30243,30496,30749,31002,31255,31508,31761,-31995,-31742,-31489,-31236,-30983,-30730,-30477,-30224,-29971,-29718,-29465,-29212,-28959,-28706,-28453,-28200,-27947,-27694,-27441,-27188,-26935,-26682,-26429,-26176,-25923,-25670,-25417,-25164,-24911,-24658,-24405,-24152,-23899,-23646,-23393,-23140,-22887,-22634,-22381,-22128,-21875,-21622,-21369,-21116,-20863,-20610,-20357,-20104,-19851,-19598,-19345,-19092,-18839,-18586,-18333,-18080,-17827,-17574,-17321,-17068,-16815,-16562,-16309,-16056,-15803,-15550,-15297,-15044,-14791,-14538,-14285,-14032,-13779,-13526,-13273,-13020,-12767,-12514,-12261,-12008,-11755,-11502,-11249,-10996,-10743,-10490,-10237,-9984,-9731,-9478,-9225,-8972,-8719,-8466,-8213,-7960,-7707,-7454,-7201,-6948,-6695,-6442,-6189,-5936,-5683,-5430,-5177,-4924,-4671,-4418,-4165,-3912,-3659,-3406,-3153,-2900,-2647,-2394,-2141,-1888,-1635,-1382,-1129,-876,-623,-370,-117
137,390,643,896,1149,1402,1655,1908,2161,2414,2667,2920,3173,3426,3679,3932,4185,4438,4691,4944,5197,5450,5703,5956,6209,6462,6715,6968,7221,7474,7727,7980,8233,8486,8739,8992,9245,9498,9751,10004,10257,10510,10763,11016,11269,11522,11775,12028,12281,12534,12787,13040,13293,13546,13799,14052,14305,14558,14811,15064,15317,15570,15823,16076,16329,16582,16835,17088,17341,17594,17847,18100,18353,18606,18859,19112,19365,19618,19871,20124,20377,20630,20883,21136,21389,21642,21895,22148,22401,22654,22907,23160,23413,23666,23919,24172,24425,24678,24931,25184,25437,25690,25943,26196,26449,26702,26955,27208,27461,27714,27967,28220,28473,28726,28979,29232,29348,29485,29738,29991,30244,30497,30750,31003,31256,31509,31762,-31994,-31741,-31488,-31235,-30982,-30729,-30476,-30223,-29970,-29717,-29464,-29211,-28958,-28705,-28452,-28199,-27946,-27693,-27440,-27187,-26934,-26681,-26428,-26175,-25922,-25669,-25416,-25163,-24910,-24657,-24404,-24151,-23898,-23645,-23392,-23139,-22886,-22633,-22380,-22127,-21874,-21621,-21368,-21115,-20862,-20609,-20356,-20103,-19850,-19597,-19344,-19091,-18838,-18585,-18332,-18079,-17826,-17573,-17320,-17067,-16814,-16561,-16308,-16055,-15802,-15549,-15296,-15043,-14790,-14537,-14284,-14031,-13778,-13525,-13272,-13019,-12766,-12513,-12260,-12007,-11754,-11501,-11248,-10995,-10742,-10489,-10236,-9983,-9730,-9477,-9224,-8971,-8718,-8465,-8212,-7959,-7706,-7453,-7200,-6947,-6694,-6441,-6188,-5935,-5682,-5429,-5176,-4923,-4670,-4417,-4164,-3911,-3658,-3405,-3152,-2899,-2646,-2393,-2140,-1887,-1634,-1381,-1128,-875,-622,-369,-116
138,391,644,897,1150,1403,1656,1909,2162,2415,2668,2921,3174,3427,3680,3933,4186,4439,4692,4945,5198,5451,5704,5957,6210,6463,6716,6969,7222,7475,7728,7981,8234,8487,8740,8993,9246,9499,9752,10005,10258,10511,10764,11017,11270,11523,11776,12029,12282,12535,12788,13041,13294,13547,13800,14053,14306,14559,14812,15065,15318,15571,15824,16077,16330,16583,16836,17089,17342,17595,17848,18101,18354,18607,18860,19113,19366,19619,19872,20125,20378,20631,20884,21137,21390,21643,21896,22149,22402,22655,22908,23161,23414,23667,23920,24173,24426,24679,24932,25185,25438,25691,25944,26197,26450,26703,26956,27209,27462,27715,27968,28221,28474,28727,28980,29095,29233,29486,29739,29992,30245,30498,30751,31004,31257,31510,31763,-31993,-31740,-31487,-31234,-30981,-30728,-30475,-30222,-29969,-29716,-29463,-29210,-28957,-28704,-28451,-28198,-27945,-27692,-27439,-27186,-26933,-26680,-26427,-26174,-25921,-25668,-25415,-25162,-24909,-24656,-24403,-24150,-23897,-23644,-23391,-23138,-22885,-22632,-22379,-22126,-21873,-21620,-21367,-21114,-20861,-20608,-20355,-20102,-19849,-19596,-19343,-19090,-18837,-18584,-18331,-18078,-17825,-17572,-17319,-17066,-16813,-16560,-16307,-16054,-15801,-15548,-15295,-15042,-14789,-14536,-14283,-14030,-13777,-13524,-13271,-13018,-12765,-12512,-12259,-12006,-11753,-11500,-11247,-10994,-10741,-10488,-10235,-9982,-9729,-9476,-9223,-8970,-8717,-8464,-8211,-7958,-7705,-7452,-7199,-6946,-6693,-6440,-6187,-5934,-5681,-5428,-5175,-4922,-4669,-4416,-4163,-3910,-3657,-3404,-3151,-2898,-2645,-2392,-2139,-1886,-1633,-1380,-1127,-874,-621,-368,-115
139,392,645,898,1151,1404,1657,1910,2163,2416,2669,2922,3175,3428,3681,3934,4187,4440,4693,4946,5199,5452,5705,5958,6211,6464,6717,6970,7223,7476,7729,7982,8235,8488,8741,8994,9247,9500,9753,10006,10259,10512,10765,11018,11271,11524,11777,12030,12283,12536,12789,13042,13295,13548,13801,14054,14307,14560,14813,15066,15319,15572,15825,16078,16331,16584,16837,17090,17343,17596,17849,18102,18355,18608,18861,19114,19367,19620,19873,20126,20379,20632,20885,21138,21391,21644,21897,22150,22403,22656,22909,23162,23415,23668,23921,24174,24427,24680,24933,25186,25439,25692,25945,26198,26451,26704,26957,27210,27463,27716,27969,28222,28475,28728,28842,28981,29234,29487,29740,29993,30246,30499,30752,31005,31258,31511,31764,-31992,-31739,-31486,-31233,-30980,-30727,-30474,-30221,-29968,-29715,-29462,-29209,-28956,-28703,-28450,-28197,-27944,-27691,-27438,-27185,-26932,-26679,-26426,-26173,-25920,-25667,-25414,-25161,-24908,-24655,-24402,-24149,-23896,-23643,-23390,-23137,-22884,-22631,-22378,-22125,-21872,-21619,-21366,-21113,-20860,-20607,-20354,-20101,-19848,-19595,-19342,-19089,-18836,-18583,-18330,-18077,-17824,-17571,-17318,-17065,-16812,-16559,-16306,-16053,-15800,-15547,-15294,-15041,-14788,-14535,-14282,-14029,-13776,-13523,-13270,-13017,-12764,-12511,-12258,-12005,-11752,-11499,-11246,-10993,-10740,-10487,-10234,-9981,-9728,-9475,-9222,-8969,-8716,-8463,-8210,-7957,-7704,-7451,-7198,-6945,-6692,-6439,-6186,-5933,-5680,-5427,-5174,-4921,-4668,-4415,-4162,-3909,-3656,-3403,-3150,-2897,-2644,-2391,-2138,-1885,-1632,-1379,-1126,-873,-620,-367,-114
140,393,646,899,1152,1405,1658,1911,2164,2417,2670,2923,3176,3429,3682,3935,4188,4441,4694,4947,5200,5453,5706,5959,6212,6465,6718,6971,7224,7477,7730,7983,8236,8489,8742,8995,9248,9501,9754,10007,10260,10513,10766,11019,11272,11525,11778,12031,12284,12537,12790,13043,13296,13549,13802,14055,14308,14561,14814,15067,15320,15573,15826,16079,16332,16585,16838,17091,17344,17597,17850,18103,18356,18609,18862,19115,19368,19621,19874,20127,20380,20633,20886,21139,21392,21645,21898,22151,22404,22657,22910,23163,23416,23669,23922,24175,24428,24681,24934,25187,25440,25693,25946,26199,26452,26705,26958,27211,27464,27717,27970,28223,28476,28589,28729,28982,29235,29488,29741,29994,30247,30500,30753,31006,31259,31512,31765,-31991,-31738,-31485,-31232,-30979,-30726,-30473,-30220,-29967,-29714,-29461,-29208,-28955,-28702,-28449,-28196,-27943,-27690,-27437,-27184,-26931,-26678,-26425,-26172,-25919,-25666,-25413,-25160,-24907,-24654,-24401,-24148,-23895,-23642,-23389,-23136,-22883,-22630,-22377,-22124,-21871,-21618,-21365,-21112,-20859,-20606,-20353,-20100,-19847,-19594,-19341,-19088,-18835,-18582,-18329,-18076,-17823,-17570,-17317,-17064,-16811,-16558,-16305,-16052,-15799,-15546,-15293,-15040,-14787,-14534,-14281,-14028,-13775,-13522,-13269,-13016,-12763,-12510,-12257,-12004,-11751,-11498,-11245,-10992,-10739,-10486,-10233,-9980,-9727,-9474,-9221,-8968,-8715,-8462,-8209,-7956,-7703,-7450,-7197,-6944,-6691,-6438,-6185,-5932,-5679,-5426,-5173,-4920,-4667,-4414,-4161,-3908,-3655,-3402,-3149,-2896,-2643,-2390,-2137,-1884,-1631,-1378,-1125,-872,-619,-366,-113
141,394,647,900,1153,1406,1659,1912,2165,2418,2671,2924,3177,3430,3683,3936,4189,4442,4695,4948,5201,5454,5707,5960,6213,6466,6719,6972,7225,7478,7731,7984,8237,8490,8743,8996,9249,9502,9755,10008,10261,10514,10767,11020,11273,11526,11779,12032,12285,12538,12791,13044,13297,13550,13803,14056,14309,14562,14815,15068,15321,15574,15827,16080,16333,16586,16839,17092,17345,17598,17851,18104,18357,18610,18863,19116,19369,19622,19875,20128,20381,20634,20887,21140,21393,21646,21899,22152,22405,22658,22911,23164,23417,23670,23923,24176,24429,24682,24935,25188,25441,25694,25947,26200,26453,26706,26959,27212,27465,27718,27971,28224,28336,28477,28730,28983,29236,29489,29742,29995,30248,30501,30754,31007,31260,31513,31766,-31990,-31737,-31484,-31231,-30978,-30725,-30472,-30219,-29966,-29713,-29460,-29207,-28954,-28701,-28448,-28195,-27942,-27689,-27436,-27183,-26930,-26677,-26424,-26171,-25918,-25665,-25412,-25159,-24906,-24653,-24400,-24147,-23894,-23641,-23388,-23135,-22882,-22629,-22376,-22123,-21870,-21617,-21364,-21111,-20858,-20605,-20352,-20099,-19846,-19593,-19340,-19087,-18834,-18581,-18328,-18075,-17822,-17569,-17316,-17063,-16810,-16557,-16304,-16051,-15798,-15545,-15292,-15039,-14786,-14533,-14280,-14027,-13774,-13521,-13268,-13015,-12762,-12509,-12256,-12003,-11750,-11497,-11244,-10991,-10738,-10485,-10232,-9979,-9726,-9473,-9220,-8967,-8714,-8461,-8208,-7955,-7702,-7449,-7196,-6943,-6690,-6437,-6184,-5931,-5678,-5425,-5172,-4919,-4666,-4413,-4160,-3907,-3654,-3401,-3148,-2895,-2642,-2389,-2136,-1883,-1630,-1377,-1124,-871,-618,-365,-112
142,395,648,901,1154,1407,1660,1913,2166,2419,2672,2925,3178,3431,3684,3937,4190,4443,4696,4949,5202,5455,5708,5961,6214,6467,6720,6973,7226,7479,7732,7985,8238,8491,8744,8997,9250,9503,9756,10009,10262,10515,10768,11021,11274,11527,11780,12033,12286,12539,12792,13045,13298,13551,13804,14057,14310,14563,14816,15069,15322,15575,15828,16081,16334,16587,16840,17093,17346,17599,17852,18105,18358,18611,18864,19117,19370,19623,19876,20129,20382,20635,20888,21141,21394,21647,21900,22153,22406,22659,22912,23165,23418,23671,23924,24177,24430,24683,24936,25189,25442,25695,25948,26201,26454,26707,26960,27213,27466,27719,27972,28083,28225,28478,28731,28984,29237,29490,29743,29996,30249,30502,30755,31008,31261,31514,31767,-31989,-31736,-31483,-31230,-30977,-30724,-30471,-30218,-29965,-29712,-29459,-29206,-28953,-28700,-28447,-28194,-27941,-27688,-27435,-27182,-26929,-26676,-26423,-26170,-25917,-25664,-25411,-25158,-24905,-24652,-24399,-24146,-23893,-23640,-23387,-23134,-22881,-22628,-22375,-22122,-21869,-21616,-21363,-21110,-20857,-20604,-20351,-20098,-19845,-19592,-19339,-19086,-18833,-18580,-18327,-18074,-17821,-17568,-17315,-17062,-16809,-16556,-16303,-16050,-15797,-15544,-15291,-15038,-14785,-14532,-14279,-14026,-13773,-13520,-13267,-13014,-12761,-12508,-12255,-12002,-11749,-11496,-11243,-10990,-10737,-10484,-10231,-9978,-9725,-9472,-9219,-8966,-8713,-8460,-8207,-7954,-7701,-7448,-7195,-6942,-6689,-6436,-6183,-5930,-5677,-5424,-5171,-4918,-4665,-4412,-4159,-3906,-3653,-3400,-3147,-2894,-2641,-2388,-2135,-1882,-1629,-1376,-1123,-870,-617,-364,-111
143,396,649,902,1155,1408,1661,1914,2167,2420,2673,2926,3179,3432,3685,3938,4191,4444,4697,4950,5203,5456,5709,5962,6215,6468,6721,6974,7227,7480,7733,7986,8239,8492,8745,8998,9251,9504,9757,10010,10263,10516,10769,11022,11275,11528,11781,12034,12287,12540,12793,13046,13299,13552,13805,14058,14311,14564,14817,15070,15323,15576,15829,16082,16335,16588,16841,17094,17347,17600,17853,18106,18359,18612,18865,19118,19371,19624,19877,20130,20383,20636,20889,21142,21395,21648,21901,22154,22407,22660,22913,23166,23419,23672,23925,24178,24431,24684,24937,25190,25443,25696,25949,26202,26455,26708,26961,27214,27467,27720,27830,27973,28226,28479,28732,28985,29238,29491,29744,29997,30250,30503,30756,31009,31262,31515,31768,-31988,-31735,-31482,-31229,-30976,-30723,-30470,-30217,-29964,-29711,-29458,-29205,-28952,-28699,-28446,-28193,-27940,-27687,-27434,-27181,-26928,-26675,-26422,-26169,-25916,-25663,-25410,-25157,-24904,-24651,-24398,-24145,-23892,-23639,-23386,-23133,-22880,-22627,-22374,-22121,-21868,-21615,-21362,-21109,-20856,-20603,-20350,-20097,-19844,-19591,-19338,-19085,-18832,-18579,-18326,-18073,-17820,-17567,-17314,-17061,-16808,-16555,-16302,-16049,-15796,-15543,-15290,-15037,-14784,-14531,-14278,-14025,-13772,-13519,-13266,-13013,-12760,-12507,-12254,-12001,-11748,-11495,-11242,-10989,-10736,-10483,-10230,-9977,-9724,-9471,-9218,-8965,-8712,-8459,-8206,-7953,-7700,-7447,-7194,-6941,-6688,-6435,-6182,-5929,-5676,-5423,-5170,-4917,-4664,-4411,-4158,-3905,-3652,-3399,-3146,-2893,-2640,-2387,-2134,-1881,-1628,-1375,-1122,-869,-616,-363,-110
144,397,650,903,1156,1409,1662,1915,2168,2421,2674,2927,3180,3433,3686,3939,4192,4445,4698,4951,5204,5457,5710,5963,6216,6469,6722,6975,7228,7481,7734,7987,8240,8493,8746,8999,9252,9505,9758,10011,10264,10517,10770,11023,11276,11529,11782,12035,12288,12541,12794,13047,13300,13553,13806,14059,14312,14565,14818,15071,15324,15577,15830,16083,16336,16589,16842,17095,17348,17601,17854,18107,18360,18613,18866,19119,19372,19625,19878,20131,20384,20637,20890,21143,21396,21649,21902,22155,22408,22661,22914,23167,23420,23673,23926,24179,24432,24685,24938,25191,25444,25697,25950,26203,26456,26709,26962,27215,27468,27577,27721,27974,28227,28480,28733,28986,29239,29492,29745,29998,30251,30504,30757,31010,31263,31516,31769,-31987,-31734,-31481,-31228,-30975,-30722,-30469,-30216,-29963,-29710,-29457,-29204,-28951,-28698,-28445,-28192,-27939,-27686,-27433,-27180,-26927,-26674,-26421,-26168,-25915,-25662,-25409,-25156,-24903,-24650,-24397,-24144,-23891,-23638,-23385,-23132,-22879,-22626,-22373,-22120,-21867,-21614,-21361,-21108,-20855,-20602,-20349,-20096,-19843,-19590,-19337,-19084,-18831,-18578,-18325,-18072,-17819,-17566,-17313,-17060,-16807,-16554,-16301,-16048,-15795,-15542,-15289,-15036,-14783,-14530,-14277,-14024,-13771,-13518,-13265,-13012,-12759,-12506,-12253,-12000,-11747,-11494,-11241,-10988,-10735,-10482,-10229,-9976,-9723,-9470,-9217,-8964,-8711,-8458,-8205,-7952,-7699,-7446,-7193,-6940,-6687,-6434,-6181,-5928,-5675,-5422,-5169,-4916,-4663,-4410,-4157,-3904,-3651,-3398,-3145,-2892,-2639,-2386,-2133,-1880,-1627,-1374,-1121,-868,-615,-362,-109
145,398,651,904,1157,1410,1663,1916,2169,2422,2675,2928,3181,3434,3687,3940,4193,4446,4699,4952,5205,5458,5711,5964,6217,6470,6723,6976,7229,7482,7735,7988,8241,8494,8747,9000,9253,9506,9759,10012,10265,10518,10771,11024,11277,11530,11783,12036,12289,12542,12795,13048,13301,13554,13807,14060,14313,14566,14819,15072,15325,15578,15831,16084,16337,16590,16843,17096,17349,17602,17855,18108,18361,18614,18867,19120,19373,19626,19879,20132,20385,20638,20891,21144,21397,21650,21903,22156,22409,22662,22915,23168,23421,23674,23927,24180,24433,24686,24939,25192,25445,25698,25951,26204,26457,26710,26963,27216,27324,27469,27722,27975,28228,28481,28734,28987,29240,29493,29746,29999,30252,30505,30758,31011,31264,31517,31770,-31986,-31733,-31480,-31227,-30974,-30721,-30468,-30215,-29962,-29709,-29456,-29203,-28950,-28697,-28444,-28191,-27938,-27685,-27432,-27179,-26926,-26673,-26420,-26167,-25914,-25661,-25408,-25155,-24902,-24649,-24396,-24143,-23890,-23637,-23384,-23131,-22878,-22625,-22372,-22119,-21866,-21613,-21360,-21107,-20854,-20601,-20348,-20095,-19842,-19589,-19336,-19083,-18830,-18577,-18324,-18071,-17818,-17565,-17312,-17059,-16806,-16553,-16300,-16047,-15794,-15541,-15288,-15035,-14782,-14529,-14276,-14023,-13770,-13517,-13264,-13011,-12758,-12505,-12252,-11999,-11746,-11493,-11240,-10987,-10734,-10481,-10228,-9975,-9722,-9469,-9216,-8963,-8710,-8457,-8204,-7951,-7698,-7445,-7192,-6939,-6686,-6433,-6180,-5927,-5674,-5421,-5168,-4915,-4662,-4409,-4156,-3903,-3650,-3397,-3144,-2891,-2638,-2385,-2132,-1879,-1626,-1373,-1120,-867,-614,-361,-108
146,399,652,905,1158,1411,1664,1917,2170,2423,2676,2929,3182,3435,3688,3941,4194,4447,4700,4953,5206,5459,5712,5965,6218,6471,6724,6977,7230,7483,7736,7989,8242,8495,8748,9001,9254,9507,9760,10013,10266,10519,10772,11025,11278,11531,11784,12037,12290,12543,12796,13049,13302,13555,13808,14061,14314,14567,14820,15073,15326,15579,15832,16085,16338,16591,16844,17097,17350,17603,17856,18109,18362,18615,18868,19121,19374,19627,19880,20133,20386,20639,20892,21145,21398,21651,21904,22157,22410,22663,22916,23169,23422,23675,23928,24181,24434,24687,24940,25193,25446,25699,25952,26205,26458,26711,26964,27071,27217,27470,27723,27976,28229,28482,28735,28988,29241,29494,29747,30000,30253,30506,30759,31012,31265,31518,31771,-31985,-31732,-31479,-31226,-30973,-30720,-30467,-30214,-29961,-29708,-29455,-29202,-28949,-28696,-28443,-28190,-27937,-27684,-27431,-27178,-26925,-26672,-26419,-26166,-25913,-25660,-25407,-25154,-24901,-24648,-24395,-24142,-23889,-23636,-23383,-23130,-22877,-22624,-22371,-22118,-21865,-21612,-21359,-21106,-20853,-20600,-20347,-20094,-19841,-19588,-19335,-19082,-18829,-18576,-18323,-18070,-17817,-17564,-17311,-17058,-16805,-16552,-16299,-16046,-15793,-15540,-15287,-15034,-14781,-14528,-14275,-14022,-13769,-13516,-13263,-13010,-12757,-12504,-12251,-11998,-11745,-11492,-11239,-10986,-10733,-10480,-10227,-9974,-9721,-9468,-9215,-8962,-8709,-8456,-8203,-7950,-7697,-7444,-7191,-6938,-6685,-6432,-6179,-5926,-5673,-5420,-5167,-4914,-4661,-4408,-4155,-3902,-3649,-3396,-3143,-2890,-2637,-2384,-2131,-1878,-1625,-1372,-1119,-866,-613,-360,-107
147,400,653,906,1159,1412,1665,1918,2171,2424,2677,2930,3183,3436,3689,3942,4195,4448,4701,4954,5207,5460,5713,5966,6219,6472,6725,6978,7231,7484,7737,7990,8243,8496,8749,9002,9255,9508,9761,10014,10267,10520,10773,11026,11279,11532,11785,12038,12291,12544,12797,13050,13303,13556,13809,14062,14315,14568,14821,15074,15327,15580,15833,16086,16339,16592,16845,17098,17351,17604,17857,18110,18363,18616,18869,19122,19375,19628,19881,20134,20387,20640,20893,21146,21399,21652,21905,22158,22411,22664,22917,23170,23423,23676,23929,24182,24435,24688,24941,25194,25447,25700,25953,26206,26459,26712,26818,26965,27218,27471,27724,27977,28230,28483,28736,28989,29242,29495,29748,30001,30254,30507,30760,31013,31266,31519,31772,-31984,-31731,-31478,-31225,-30972,-30719,-30466,-30213,-29960,-29707,-29454,-29201,-28948,-28695,-28442,-28189,-27936,-27683,-27430,-27177,-26924,-26671,-26418,-26165,-25912,-25659,-25406,-25153,-24900,-24647,-24394,-24141,-23888,-23635,-23382,-23129,-22876,-22623,-22370,-22117,-21864,-21611,-21358,-21105,-20852,-20599,-20346,-20093,-19840,-19587,-19334,-19081,-18828,-18575,-18322,-18069,-17816,-17563,-17310,-17057,-16804,-16551,-16298,-16045,-15792,-15539,-15286,-15033,-14780,-14527,-14274,-14021,-13768,-13515,-13262,-13009,-12756,-12503,-12250,-11997,-11744,-11491,-11238,-10985,-10732,-10479,-10226,-9973,-9720,-9467,-9214,-8961,-8708,-8455,-8202,-7949,-7696,-7443,-7190,-6937,-6684,-6431,-6178,-5925,-5672,-5419,-5166,-4913,-4660,-4407,-4154,-3901,-3648,-3395,-3142,-2889,-2636,-2383,-2130,-1877,-1624,-1371,-1118,-865,-612,-359,-106
148,401,654,907,1160,1413,1666,1919,2172,2425,2678,2931,3184,3437,3690,3943,4196,4449,4702,4955,5208,5461,5714,5967,6220,6473,6726,6979,7232,7485,7738,7991,8244,8497,8750,9003,9256,9509,9762,10015,10268,10521,10774,11027,11280,11533,11786,12039,12292,12545,12798,13051,13304,13557,13810,14063,14316,14569,14822,15075,15328,15581,15834,16087,16340,16593,16846,17099,17352,17605,17858,18111,18364,18617,18870,19123,19376,19629,19882,20135,20388,20641,20894,21147,21400,21653,21906,22159,22412,22665,22918,23171,23424,23677,23930,24183,24436,24689,24942,25195,25448,25701,25954,26207,26460,26565,26713,26966,27219,27472,27725,27978,28231,28484,28737,28990,29243,29496,29749,30002,30255,30508,30761,31014,31267,31520,31773,-31983,-31730,-31477,-31224,-30971,-30718,-30465,-30212,-29959,-29706,-29453,-29200,-28947,-28694,-28441,-28188,-27935,-27682,-27429,-27176,-26923,-26670,-26417,-26164,-25911,-25658,-25405,-25152,-24899,-24646,-24393,-24140,-23887,-23634,-23381,-23128,-22875,-22622,-22369,-22116,-21863,-21610,-21357,-21104,-20851,-20598,-20345,-20092,-19839,-19586,-19333,-19080,-18827,-18574,-18321,-18068,-17815,-17562,-17309,-17056,-16803,-16550,-16297,-16044,-15791,-15538,-15285,-15032,-14779,-14526,-14273,-14020,-13767,-13514,-13261,-13008,-12755,-12502,-12249,-11996,-11743,-11490,-11237,-10984,-10731,-10478,-10225,-9972,-9719,-9466,-9213,-8960,-8707,-8454,-8201,-7948,-7695,-7442,-7189,-6936,-6683,-6430,-6177,-5924,-5671,-5418,-5165,-4912,-4659,-4406,-4153,-3900,-3647,-3394,-3141,-2888,-2635,-2382,-2129,-1876,-1623,-1370,-1117,-864,-611,-358,-105
149,402,655,908,1161,1414,1667,1920,2173,2426,2679,2932,3185,3438,3691,3944,4197,4450,4703,4956,5209,5462,5715,5968,6221,6474,6727,6980,7233,7486,7739,7992,8245,8498,8751,9004,9257,9510,9763,10016,10269,10522,10775,11028,11281,11534,11787,12040,12293,12546,12799,13052,13305,13558,13811,14064,14317,14570,14823,15076,15329,15582,15835,16088,16341,16594,16847,17100,17353,17606,17859,18112,18365,18618,18871,19124,19377,19630,19883,20136,20389,20642,20895,21148,21401,21654,21907,22160,22413,22666,22919,23172,23425,23678,23931,24184,24437,24690,24943,25196,25449,25702,25955,26208,26312,26461,26714,26967,27220,27473,27726,27979,28232,28485,28738,28991,29244,29497,29750,30003,30256,30509,30762,31015,31268,31521,31774,-31982,-31729,-31476,-31223,-30970,-30717,-30464,-30211,-29958,-29705,-29452,-29199,-28946,-28693,-28440,-28187,-27934,-27681,-27428,-27175,-26922,-26669,-26416,-26163,-25910,-25657,-25404,-25151,-24898,-24645,-24392,-24139,-23886,-23633,-23380,-23127,-22874,-22621,-22368,-22115,-21862,-21609,-21356,-21103,-20850,-20597,-20344,-20091,-19838,-19585,-19332,-19079,-18826,-18573,-18320,-18067,-17814,-17561,-17308,-17055,-16802,-16549,-16296,-16043,-15790,-15537,-15284,-15031,-14778,-14525,-14272,-14019,-13766,-13513,-13260,-13007,-12754,-12501,-12248,-11995,-11742,-11489,-11236,-10983,-10730,-10477,-10224,-9971,-9718,-9465,-9212,-8959,-8706,-8453,-8200,-7947,-7694,-7441,-7188,-6935,-6682,-6429,-6176,-5923,-5670,-5417,-5164,-4911,-4658,-4405,-4152,-3899,-3646,-3393,-3140,-2887,-2634,-2381,-2128,-1875,-1622,-1369,-1116,-863,-610,-357,-104
150,403,656,909,1162,1415,1668,1921,2174,2427,2680,2933,3186,3439,3692,3945,4198,4451,4704,4957,5210,5463,5716,5969,6222,6475,6728,6981,7234,7487,7740,7993,8246,8499,8752,9005,9258,9511,9764,10017,10270,10523,10776,11029,11282,11535,11788,12041,12294,12547,12800,13053,13306,13559,13812,14065,14318,14571,14824,15077,15330,15583,15836,16089,16342,16595,16848,17101,17354,17607,17860,18113,18366,18619,18872,19125,19378,19631,19884,20137,20390,20643,20896,21149,21402,21655,21908,22161,22414,22667,22920,23173,23426,23679,23932,24185,24438,24691,24944,25197,25450,25703,25956,26059,26209,26462,26715,26968,27221,27474,27727,27980,28233,28486,28739,28992,29245,29498,29751,30004,30257,30510,30763,31016,31269,31522,31775,-31981,-31728,-31475,-31222,-30969,-30716,-30463,-30210,-29957,-29704,-29451,-29198,-28945,-28692,-28439,-28186,-27933,-27680,-27427,-27174,-26921,-26668,-26415,-26162,-25909,-25656,-25403,-25150,-24897,-24644,-24391,-24138,-23885,-23632,-23379,-23126,-22873,-22620,-22367,-22114,-21861,-21608,-21355,-21102,-20849,-20596,-20343,-20090,-19837,-19584,-19331,-19078,-18825,-18572,-18319,-18066,-17813,-17560,-17307,-17054,-16801,-16548,-16295,-16042,-15789,-15536,-15283,-15030,-14777,-14524,-14271,-14018,-13765,-13512,-13259,-13006,-12753,-12500,-12247,-11994,-11741,-11488,-11235,-10982,-10729,-10476,-10223,-9970,-9717,-9464,-9211,-8958,-8705,-8452,-8199,-7946,-7693,-7440,-7187,-6934,-6681,-6428,-6175,-5922,-5669,-5416,-5163,-4910,-4657,-4404,-4151,-3898,-3645,-3392,-3139,-2886,-2633,-2380,-2127,-1874,-1621,-1368,-1115,-862,-609,-356,-103
151,404,657,910,1163,1416,1669,1922,2175,2428,2681,2934,3187,3440,3693,3946,4199,4452,4705,4958,5211,5464,5717,5970,6223,6476,6729,6982,7235,7488,7741,7994,8247,8500,8753,9006,9259,9512,9765,10018,10271,10524,10777,11030,11283,11536,11789,12042,12295,12548,12801,13054,13307,13560,13813,14066,14319,14572,14825,15078,15331,15584,15837,16090,16343,16596,16849,17102,17355,17608,17861,18114,18367,18620,18873,19126,19379,19632,19885,20138,20391,20644,20897,21150,21403,21656,21909,22162,22415,22668,22921,23174,23427,23680,23933,24186,24439,24692,24945,25198,25451,25704,25806,25957,26210,26463,26716,26969,27222,27475,27728,27981,28234,28487,28740,28993,29246,29499,29752,30005,30258,30511,30764,31017,31270,31523,31776,-31980,-31727,-31474,-31221,-30968,-30715,-30462,-30209,-29956,-29703,-29450,-29197,-28944,-28691,-28438,-28185,-27932,-27679,-27426,-27173,-26920,-26667,-26414,-26161,-25908,-25655,-25402,-25149,-24896,-24643,-24390,-24137,-23884,-23631,-23378,-23125,-22872,-22619,-22366,-22113,-21860,-21607,-21354,-21101,-20848,-20595,-20342,-20089,-19836,-19583,-19330,-19077,-18824,-18571,-18318,-18065,-17812,-17559,-17306,-17053,-16800,-16547,-16294,-16041,-15788,-15535,-15282,-15029,-14776,-14523,-14270,-14017,-13764,-13511,-13258,-13005,-12752,-12499,-12246,-11993,-11740,-11487,-11234,-10981,-10728,-10475,-10222,-9969,-9716,-9463,-9210,-8957,-8704,-8451,-8198,-7945,-7692,-7439,-7186,-6933,-6680,-6427,-6174,-5921,-5668,-5415,-5162,-4909,-4656,-4403,-4150,-3897,-3644,-3391,-3138,-2885,-2632,-2379,-2126,-1873,-1620,-1367,-1114,-861,-608,-355,-102
152,405,658,911,1164,1417,1670,1923,2176,2429,2682,2935,3188,3441,3694,3947,4200,4453,4706,4959,5212,5465,5718,5971,6224,6477,6730,6983,7236,7489,7742,7995,8248,8501,8754,9007,9260,9513,9766,10019,10272,10525,10778,11031,11284,11537,11790,12043,12296,12549,12802,13055,13308,13561,13814,14067,14320,14573,14826,15079,15332,15585,15838,16091,16344,16597,16850,17103,17356,17609,17862,18115,18368,18621,18874,19127,19380,19633,19886,20139,20392,20645,20898,21151,21404,21657,21910,22163,22416,22669,22922,23175,23428,23681,23934,24187,24440,24693,24946,25199,25452,25553,25705,25958,26211,26464,26717,26970,27223,27476,27729,27982,28235,28488,28741,28994,29247,29500,29753,30006,30259,30512,30765,31018,31271,31524,31777,-31979,-31726,-31473,-31220,-30967,-30714,-30461,-30208,-29955,-29702,-29449,-29196,-28943,-28690,-28437,-28184,-27931,-27678,-27425,-27172,-26919,-26666,-26413,-26160,-25907,-25654,-25401,-25148,-24895,-24642,-24389,-24136,-23883,-23630,-23377,-23124,-22871,-22618,-22365,-22112,-21859,-21606,-21353,-21100,-20847,-20594,-20341,-20088,-19835,-19582,-19329,-19076,-18823,-18570,-18317,-18064,-17811,-17558,-17305,-17052,-16799,-16546,-16293,-16040,-15787,-15534,-15281,-15028,-14775,-14522,-14269,-14016,-13763,-13510,-13257,-13004,-12751,-12498,-12245,-11992,-11739,-11486,-11233,-10980,-10727,-10474,-10221,-9968,-9715,-9462,-9209,-8956,-8703,-8450,-8197,-7944,-7691,-7438,-7185,-6932,-6679,-6426,-6173,-5920,-5667,-5414,-5161,-4908,-4655,-4402,-4149,-3896,-3643,-3390,-3137,-2884,-2631,-2378,-2125,-1872,-1619,-1366,-1113,-860,-607,-354,-101
153,406,659,912,1165,1418,1671,1924,2177,2430,2683,2936,3189,3442,3695,3948,4201,4454,4707,4960,5213,5466,5719,5972,6225,6478,6731,6984,7237,7490,7743,7996,8249,8502,8755,9008,9261,9514,9767,10020,10273,10526,10779,11032,11285,11538,11791,12044,12297,12550,12803,13056,13309,13562,13815,14068,14321,14574,14827,15080,15333,15586,15839,16092,16345,16598,16851,17104,17357,17610,17863,18116,18369,18622,18875,19128,19381,19634,19887,20140,20393,20646,20899,21152,21405,21658,21911,22164,22417,22670,22923,23176,23429,23682,23935,24188,24441,24694,24947,25200,25300,25453,25706,25959,26212,26465,26718,26971,27224,27477,27730,27983,28236,28489,28742,28995,29248,29501,29754,30007,30260,30513,30766,31019,31272,31525,31778,-31978,-31725,-31472,-31219,-30966,-30713,-30460,-30207,-29954,-29701,-29448,-29195,-28942,-28689,-28436,-28183,-27930,-27677,-27424,-27171,-26918,-26665,-26412,-26159,-25906,-25653,-25400,-25147,-24894,-24641,-24388,-24135,-23882,-23629,-23376,-23123,-22870,-22617,-22364,-22111,-21858,-21605,-21352,-21099,-20846,-20593,-20340,-20087,-19834,-19581,-19328,-19075,-18822,-18569,-18316,-18063,-17810,-17557,-17304,-17051,-16798,-16545,-16292,-16039,-15786,-15533,-15280,-15027,-14774,-14521,-14268,-14015,-13762,-13509,-13256,-13003,-12750,-12497,-12244,-11991,-11738,-11485,-11232,-10979,-10726,-10473,-10220,-9967,-9714,-9461,-9208,-8955,-8702,-8449,-8196,-7943,-7690,-7437,-7184,-6931,-6678,-6425,-6172,-5919,-5666,-5413,-5160,-4907,-4654,-4401,-4148,-3895,-3642,-3389,-3136,-2883,-2630,-2377,-2124,-1871,-1618,-1365,-1112,-859,-606,-353,-100
154,407,660,913,1166,1419,1672,1925,2178,2431,2684,2937,3190,3443,3696,3949,4202,4455,4708,4961,5214,5467,5720,5973,6226,6479,6732,6985,7238,7491,7744,7997,8250,8503,8756,9009,9262,9515,9768,10021,10274,10527,10780,11033,11286,11539,11792,12045,12298,12551,12804,13057,13310,13563,13816,14069,14322,14575,14828,15081,15334,15587,15840,16093,16346,16599,16852,17105,17358,17611,17864,18117,18370,18623,18876,19129,19382,19635,19888,20141,20394,20647,20900,21153,21406,21659,21912,22165,22418,22671,22924,23177,23430,23683,23936,24189,24442,24695,24948,25047,25201,25454,25707,25960,26213,26466,26719,26972,27225,27478,27731,27984,28237,28490,28743,28996,29249,29502,29755,30008,30261,30514,30767,31020,31273,31526,31779,-31977,-31724,-31471,-31218,-30965,-30712,-30459,-30206,-29953,-29700,-29447,-29194,-28941,-28688,-28435,-28182,-27929,-27676,-27423,-27170,-26917,-26664,-26411,-26158,-25905,-25652,-25399,-25146,-24893,-24640,-24387,-24134,-23881,-23628,-23375,-23122,-22869,-22616,-22363,-22110,-21857,-21604,-21351,-21098,-20845,-20592,-20339,-20086,-19833,-19580,-19327,-19074,-18821,-18568,-18315,-18062,-17809,-17556,-17303,-17050,-16797,-16544,-16291,-16038,-15785,-15532,-15279,-15026,-14773,-14520,-14267,-14014,-13761,-13508,-13255,-13002,-12749,-12496,-12243,-11990,-11737,-11484,-11231,-10978,-10725,-10472,-10219,-9966,-9713,-9460,-9207,-8954,-8701,-8448,-8195,-7942,-7689,-7436,-7183,-6930,-6677,-6424,-6171,-5918,-5665,-5412,-5159,-4906,-4653,-4400,-4147,-3894,-3641,-3388,-3135,-2882,-2629,-2376,-2123,-1870,-1617,-1364,-1111,-858,-605,-352,-99
155,408,661,914,1167,1420,1673,1926,2179,2432,2685,2938,3191,3444,3697,3950,4203,4456,4709,4962,5215,5468,5721,5974,6227,6480,6733,6986,7239,7492,7745,7998,8251,8504,8757,9010,9263,9516,9769,10022,10275,10528,10781,11034,11287,11540,11793,12046,12299,12552,12805,13058,13311,13564,13817,14070,14323,14576,14829,15082,15335,15588,15841,16094,16347,16600,16853,17106,17359,17612,17865,18118,18371,18624,18877,19130,19383,19636,19889,20142,20395,20648,20901,21154,21407,21660,21913,22166,22419,22672,22925,23178,23431,23684,23937,24190,24443,24696,24794,24949,25202,25455,25708,25961,26214,26467,26720,26973,27226,27479,27732,27985,28238,28491,28744,28997,29250,29503,29756,30009,30262,30515,30768,31021,31274,31527,31780,-31976,-31723,-31470,-31217,-30964,-30711,-30458,-30205,-29952,-29699,-29446,-29193,-28940,-28687,-28434,-28181,-27928,-27675,-27422,-27169,-26916,-26663,-26410,-26157,-25904,-25651,-25398,-25145,-24892,-24639,-24386,-24133,-23880,-23627,-23374,-23121,-22868,-22615,-22362,-22109,-21856,-21603,-21350,-21097,-20844,-20591,-20338,-20085,-19832,-19579,-19326,-19073,-18820,-18567,-18314,-18061,-17808,-17555,-17302,-17049,-16796,-16543,-16290,-16037,-15784,-15531,-15278,-15025,-14772,-14519,-14266,-14013,-13760,-13507,-13254,-13001,-12748,-12495,-12242,-11989,-11736,-11483,-11230,-10977,-10724,-10471,-10218,-9965,-9712,-9459,-9206,-8953,-8700,-8447,-8194,-7941,-7688,-7435,-7182,-6929,-6676,-6423,-6170,-5917,-5664,-5411,-5158,-4905,-4652,-4399,-4146,-3893,-3640,-3387,-3134,-2881,-2628,-2375,-2122,-1869,-1616,-1363,-1110,-857,-604,-351,-98
156,409,662,915,1168,1421,1674,1927,2180,2433,2686,2939,3192,3445,3698,3951,4204,4457,4710,4963,5216,5469,5722,5975,6228,6481,6734,6987,7240,7493,7746,7999,8252,8505,8758,9011,9264,9517,9770,10023,10276,10529,10782,11035,11288,11541,11794,12047,12300,12553,12806,13059,13312,13565,13818,14071,14324,14577,14830,15083,15336,15589,15842,16095,16348,16601,16854,17107,17360,17613,17866,18119,18372,18625,18878,19131,19384,19637,19890,20143,20396,20649,20902,21155,21408,21661,21914,22167,22420,22673,22926,23179,23432,23685,23938,24191,24444,24541,24697,24950,25203,25456,25709,25962,26215,26468,26721,26974,27227,27480,27733,27986,28239,28492,28745,28998,29251,29504,29757,30010,30263,30516,30769,31022,31275,31528,31781,-31975,-31722,-31469,-31216,-30963,-30710,-30457,-30204,-29951,-29698,-29445,-29192,-28939,-28686,-28433,-28180,-27927,-27674,-27421,-27168,-26915,-26662,-26409,-26156,-25903,-25650,-25397,-25144,-24891,-24638,-24385,-24132,-23879,-23626,-23373,-23120,-22867,-22614,-22361,-22108,-21855,-21602,-21349,-21096,-20843,-20590,-20337,-20084,-19831,-19578,-19325,-19072,-18819,-18566,-18313,-18060,-17807,-17554,-17301,-17048,-16795,-16542,-16289,-16036,-15783,-15530,-15277,-15024,-14771,-14518,-14265,-14012,-13759,-13506,-13253,-13000,-12747,-12494,-12241,-11988,-11735,-11482,-11229,-10976,-10723,-10470,-10217,-9964,-9711,-9458,-9205,-8952,-8699,-8446,-8193,-7940,-7687,-7434,-7181,-6928,-6675,-6422,-6169,-5916,-5663,-5410,-5157,-4904,-4651,-4398,-4145,-3892,-3639,-3386,-3133,-2880,-2627,-2374,-2121,-1868,-1615,-1362,-1109,-856,-603,-350,-97
157,410,663,916,1169,1422,1675,1928,2181,2434,2687,2940,3193,3446,3699,3952,4205,4458,4711,4964,5217,5470,5723,5976,6229,6482,6735,6988,7241,7494,7747,8000,8253,8506,8759,9012,9265,9518,9771,10024,10277,10530,10783,11036,11289,11542,11795,12048,12301,12554,12807,13060,13313,13566,13819,14072,14325,14578,14831,15084,15337,15590,15843,16096,16349,16602,16855,17108,17361,17614,17867,18120,18373,18626,18879,19132,19385,19638,19891,20144,20397,20650,20903,21156,21409,21662,21915,22168,22421,22674,22927,23180,23433,23686,23939,24192,24288,24445,24698,24951,25204,25457,25710,25963,26216,26469,26722,26975,27228,27481,27734,27987,28240,28493,28746,28999,29252,29505,29758,30011,30264,30517,30770,31023,31276,31529,31782,-31974,-31721,-31468,-31215,-30962,-30709,-30456,-30203,-29950,-29697,-29444,-29191,-28938,-28685,-28432,-28179,-27926,-27673,-27420,-27167,-26914,-26661,-26408,-26155,-25902,-25649,-25396,-25143,-24890,-24637,-24384,-24131,-23878,-23625,-23372,-23119,-22866,-22613,-22360,-22107,-21854,-21601,-21348,-21095,-20842,-20589,-20336,-20083,-19830,-19577,-19324,-19071,-18818,-18565,-18312,-18059,-17806,-17553,-17300,-17047,-16794,-16541,-16288,-16035,-15782,-15529,-15276,-15023,-14770,-14517,-14264,-14011,-13758,-13505,-13252,-12999,-12746,-12493,-12240,-11987,-11734,-11481,-11228,-10975,-10722,-10469,-10216,-9963,-9710,-9457,-9204,-8951,-8698,-8445,-8192,-7939,-7686,-7433,-7180,-6927,-6674,-6421,-6168,-5915,-5662,-5409,-5156,-4903,-4650,-4397,-4144,-3891,-3638,-3385,-3132,-2879,-2626,-2373,-2120,-1867,-1614,-1361,-1108,-855,-602,-349,-96
158,411,664,917,1170,1423,1676,1929,2182,2435,2688,2941,3194,3447,3700,3953,4206,4459,4712,4965,5218,5471,5724,5977,6230,6483,6736,6989,7242,7495,7748,8001,8254,8507,8760,9013,9266,9519,9772,10025,10278,10531,10784,11037,11290,11543,11796,12049,12302,12555,12808,13061,13314,13567,13820,14073,14326,14579,14832,15085,15338,15591,15844,16097,16350,16603,16856,17109,17362,17615,17868,18121,18374,18627,18880,19133,19386,19639,19892,20145,20398,20651,20904,21157,21410,21663,21916,22169,22422,22675,22928,23181,23434,23687,23940,24035,24193,24446,24699,24952,25205,25458,25711,25964,26217,26470,26723,26976,27229,27482,27735,27988,28241,28494,28747,29000,29253,29506,29759,30012,30265,30518,30771,31024,31277,31530,31783,-31973,-31720,-31467,-31214,-30961,-30708,-30455,-30202,-29949,-29696,-29443,-29190,-28937,-28684,-28431,-28178,-27925,-27672,-27419,-27166,-26913,-26660,-26407,-26154,-25901,-25648,-25395,-25142,-24889,-24636,-24383,-24130,-23877,-23624,-23371,-23118,-22865,-22612,-22359,-22106,-21853,-21600,-21347,-21094,-20841,-20588,-20335,-20082,-19829,-19576,-19323,-19070,-18817,-18564,-18311,-18058,-17805,-17552,-17299,-17046,-16793,-16540,-16287,-16034,-15781,-15528,-15275,-15022,-14769,-14516,-14263,-14010,-13757,-13504,-13251,-12998,-12745,-12492,-12239,-11986,-11733,-11480,-11227,-10974,-10721,-10468,-10215,-9962,-9709,-9456,-9203,-8950,-8697,-8444,-8191,-7938,-7685,-7432,-7179,-6926,-6673,-6420,-6167,-5914,-5661,-5408,-5155,-4902,-4649,-4396,-4143,-3890,-3637,-3384,-3131,-2878,-2625,-2372,-2119,-1866,-1613,-1360,-1107,-854,-601,-348,-95
159,412,665,918,1171,1424,1677,1930,2183,2436,2689,2942,3195,3448,3701,3954,4207,4460,4713,4966,5219,5472,5725,5978,6231,6484,6737,6990,7243,7496,7749,8002,8255,8508,8761,9014,9267,9520,9773,10026,10279,10532,10785,11038,11291,11544,11797,12050,12303,12556,12809,13062,13315,13568,13821,14074,14327,14580,14833,15086,15339,15592,15845,16098,16351,16604,16857,17110,17363,17616,17869,18122,18375,18628,18881,19134,19387,19640,19893,20146,20399,20652,20905,21158,21411,21664,21917,22170,22423,22676,22929,23182,23435,23688,23782,23941,24194,24447,24700,24953,25206,25459,25712,25965,26218,26471,26724,26977,27230,27483,27736,27989,28242,28495,28748,29001,29254,29507,29760,30013,30266,30519,30772,31025,31278,31531,31784,-31972,-31719,-31466,-31213,-30960,-30707,-30454,-30201,-29948,-29695,-29442,-29189,-28936,-28683,-28430,-28177,-27924,-27671,-27418,-27165,-26912,-26659,-26406,-26153,-25900,-25647,-25394,-25141,-24888,-24635,-24382,-24129,-23876,-23623,-23370,-23117,-22864,-22611,-22358,-22105,-21852,-21599,-21346,-21093,-20840,-20587,-20334,-20081,-19828,-19575,-19322,-19069,-18816,-18563,-18310,-18057,-17804,-17551,-17298,-17045,-16792,-16539,-16286,-16033,-15780,-15527,-15274,-15021,-14768,-14515,-14262,-14009,-13756,-13503,-13250,-12997,-12744,-12491,-12238,-11985,-11732,-11479,-11226,-10973,-10720,-10467,-10214,-9961,-9708,-9455,-9202,-8949,-8696,-8443,-8190,-7937,-7684,-7431,-7178,-6925,-6672,-6419,-6166,-5913,-5660,-5407,-5154,-4901,-4648,-4395,-4142,-3889,-3636,-3383,-3130,-2877,-2624,-2371,-2118,-1865,-1612,-1359,-1106,-853,-600,-347,-94
160,413,666,919,1172,1425,1678,1931,2184,2437,2690,2943,3196,3449,3702,3955,4208,4461,4714,4967,5220,5473,5726,5979,6232,6485,6738,6991,7244,7497,7750,8003,8256,8509,8762,9015,9268,9521,9774,10027,10280,10533,10786,11039,11292,11545,11798,12051,12304,12557,12810,13063,13316,13569,13822,14075,14328,14581,14834,15087,15340,15593,15846,16099,16352,16605,16858,17111,17364,17617,17870,18123,18376,18629,18882,19135,19388,19641,19894,20147,20400,20653,20906,21159,21412,21665,21918,22171,22424,22677,22930,23183,23436,23529,23689,23942,24195,24448,24701,24954,25207,25460,25713,25966,26219,26472,26725,26978,27231,27484,27737,27990,28243,28496,28749,29002,29255,29508,29761,30014,30267,30520,30773,31026,31279,31532,31785,-31971,-31718,-31465,-31212,-30959,-30706,-30453,-30200,-29947,-29694,-29441,-29188,-28935,-28682,-28429,-28176,-27923,-27670,-27417,-27164,-26911,-26658,-26405,-26152,-25899,-25646,-25393,-25140,-24887,-24634,-24381,-24128,-23875,-23622,-23369,-23116,-22863,-22610,-22357,-22104,-21851,-21598,-21345,-21092,-20839,-20586,-20333,-20080,-19827,-19574,-19321,-19068,-18815,-18562,-18309,-18056,-17803,-17550,-17297,-17044,-16791,-16538,-16285,-16032,-15779,-15526,-15273,-15020,-14767,-14514,-14261,-14008,-13755,-13502,-13249,-12996,-12743,-12490,-12237,-11984,-11731,-11478,-11225,-10972,-10719,-10466,-10213,-9960,-9707,-9454,-9201,-8948,-8695,-8442,-8189,-7936,-7683,-7430,-7177,-6924,-6671,-6418,-6165,-5912,-5659,-5406,-5153,-4900,-4647,-4394,-4141,-3888,-3635,-3382,-3129,-2876,-2623,-2370,-2117,-1864,-1611,-1358,-1105,-852,-599,-346,-93
161,414,667,920,1173,1426,1679,1932,2185,2438,2691,2944,3197,3450,3703,3956,4209,4462,4715,4968,5221,5474,5727,5980,6233,6486,6739,6992,7245,7498,7751,8004,8257,8510,8763,9016,9269,9522,9775,10028,10281,10534,10787,11040,11293,11546,11799,12052,12305,12558,12811,13064,13317,13570,13823,14076,14329,14582,14835,15088,15341,15594,15847,16100,16353,16606,16859,17112,17365,17618,17871,18124,18377,18630,18883,19136,19389,19642,19895,20148,20401,20654,20907,21160,21413,21666,21919,22172,22425,22678,22931,23184,23276,23437,23690,23943,24196,24449,24702,24955,25208,25461,25714,25967,26220,26473,26726,26979,27232,27485,27738,27991,28244,28497,28750,29003,29256,29509,29762,30015,30268,30521,30774,31027,31280,31533,31786,-31970,-31717,-31464,-31211,-30958,-30705,-30452,-30199,-29946,-29693,-29440,-29187,-28934,-28681,-28428,-28175,-27922,-27669,-27416,-27163,-26910,-26657,-26404,-26151,-25898,-25645,-25392,-25139,-24886,-24633,-24380,-24127,-23874,-23621,-23368,-23115,-22862,-22609,-22356,-22103,-21850,-21597,-21344,-21091,-20838,-20585,-20332,-20079,-19826,-19573,-19320,-19067,-18814,-18561,-18308,-18055,-17802,-17549,-17296,-17043,-16790,-16537,-16284,-16031,-15778,-15525,-15272,-15019,-14766,-14513,-14260,-14007,-13754,-13501,-13248,-12995,-12742,-12489,-12236,-11983,-11730,-11477,-11224,-10971,-10718,-10465,-10212,-9959,-9706,-9453,-9200,-8947,-8694,-8441,-8188,-7935,-7682,-7429,-7176,-6923,-6670,-6417,-6164,-5911,-5658,-5405,-5152,-4899,-4646,-4393,-4140,-3887,-3634,-3381,-3128,-2875,-2622,-2369,-2116,-1863,-1610,-1357,-1104,-851,-598,-345,-92
162,415,668,921,1174,1427,1680,1933,2186,2439,2692,2945,3198,3451,3704,3957,4210,4463,4716,4969,5222,5475,5728,5981,6234,6487,6740,6993,7246,7499,7752,8005,8258,8511,8764,9017,9270,9523,9776,10029,10282,10535,10788,11041,11294,11547,11800,12053,12306,12559,12812,13065,13318,13571,13824,14077,14330,14583,14836,15089,15342,15595,15848,16101,16354,16607,16860,17113,17366,17619,17872,18125,18378,18631,18884,19137,19390,19643,19896,20149,20402,20655,20908,21161,21414,21667,21920,22173,22426,22679,22932,23023,23185,23438,23691,23944,24197,24450,24703,24956,25209,25462,25715,25968,26221,26474,26727,26980,27233,27486,27739,27992,28245,28498,28751,29004,29257,29510,29763,30016,30269,30522,30775,31028,31281,31534,31787,-31969,-31716,-31463,-31210,-30957,-30704,-30451,-30198,-29945,-29692,-29439,-29186,-28933,-28680,-28427,-28174,-27921,-27668,-27415,-27162,-26909,-26656,-26403,-26150,-25897,-25644,-25391,-25138,-24885,-24632,-24379,-24126,-23873,-23620,-23367,-23114,-22861,-22608,-22355,-22102,-21849,-21596,-21343,-21090,-20837,-20584,-20331,-20078,-19825,-19572,-19319,-19066,-18813,-18560,-18307,-18054,-17801,-17548,-17295,-17042,-16789,-16536,-16283,-16030,-15777,-15524,-15271,-15018,-14765,-14512,-14259,-14006,-13753,-13500,-13247,-12994,-12741,-12488,-12235,-11982,-11729,-11476,-11223,-10970,-10717,-10464,-10211,-9958,-9705,-9452,-9199,-8946,-8693,-8440,-8187,-7934,-7681,-7428,-7175,-6922,-6669,-6416,-6163,-5910,-5657,-5404,-5151,-4898,-4645,-4392,-4139,-3886,-3633,-3380,-3127,-2874,-2621,-2368,-2115,-1862,-1609,-1356,-1103,-850,-597,-344,-91
163,416,669,922,1175,1428,1681,1934,2187,2440,2693,2946,3199,3452,3705,3958,4211,4464,4717,4970,5223,5476,5729,5982,6235,6488,6741,6994,7247,7500,7753,8006,8259,8512,8765,9018,9271,9524,9777,10030,10283,10536,10789,11042,11295,11548,11801,12054,12307,12560,12813,13066,13319,13572,13825,14078,14331,14584,14837,15090,15343,15596,15849,16102,16355,16608,16861,17114,17367,17620,17873,18126,18379,18632,18885,19138,19391,19644,19897,20150,20403,20656,20909,21162,21415,21668,21921,22174,22427,22680,22770,22933,23186,23439,23692,23945,24198,24451,24704,24957,25210,25463,25716,25969,26222,26475,26728,26981,27234,27487,27740,27993,28246,28499,28752,29005,29258,29511,29764,30017,30270,30523,30776,31029,31282,31535,31788,-31968,-31715,-31462,-31209,-30956,-30703,-30450,-30197,-29944,-29691,-29438,-29185,-28932,-28679,-28426,-28173,-27920,-27667,-27414,-27161,-26908,-26655,-26402,-26149,-25896,-25643,-25390,-25137,-24884,-24631,-24378,-24125,-23872,-23619,-23366,-23113,-22860,-22607,-22354,-22101,-21848,-21595,-21342,-21089,-20836,-20583,-20330,-20077,-19824,-19571,-19318,-19065,-18812,-18559,-18306,-18053,-17800,-17547,-17294,-17041,-16788,-16535,-16282,-16029,-15776,-15523,-15270,-15017,-14764,-14511,-14258,-14005,-13752,-13499,-13246,-12993,-12740,-12487,-12234,-11981,-11728,-11475,-11222,-10969,-10716,-10463,-10210,-9957,-9704,-9451,-9198,-8945,-8692,-8439,-8186,-7933,-7680,-7427,-7174,-6921,-6668,-6415,-6162,-5909,-5656,-5403,-5150,-4897,-4644,-4391,-4138,-3885,-3632,-3379,-3126,-2873,-2620,-2367,-2114,-1861,-1608,-1355,-1102,-849,-596,-343,-90
164,417,670,923,1176,1429,1682,1935,2188,2441,2694,2947,3200,3453,3706,3959,4212,4465,4718,4971,5224,5477,5730,5983,6236,6489,6742,6995,7248,7501,7754,8007,8260,8513,8766,9019,9272,9525,9778,10031,10284,10537,10790,11043,11296,11549,11802,12055,12308,12561,12814,13067,13320,13573,13826,14079,14332,14585,14838,15091,15344,15597,15850,16103,16356,16609,16862,17115,17368,17621,17874,18127,18380,18633,18886,19139,19392,19645,19898,20151,20404,20657,20910,21163,21416,21669,21922,22175,22428,22517,22681,22934,23187,23440,23693,23946,24199,24452,24705,24958,25211,25464,25717,25970,26223,26476,26729,26982,27235,27488,27741,27994,28247,28500,28753,29006,29259,29512,29765,30018,30271,30524,30777,31030,31283,31536,31789,-31967,-31714,-31461,-31208,-30955,-30702,-30449,-30196,-29943,-29690,-29437,-29184,-28931,-28678,-28425,-28172,-27919,-27666,-27413,-27160,-26907,-26654,-26401,-26148,-25895,-25642,-25389,-25136,-24883,-24630,-24377,-24124,-23871,-23618,-23365,-23112,-22859,-22606,-22353,-22100,-21847,-21594,-21341,-21088,-20835,-20582,-20329,-20076,-19823,-19570,-19317,-19064,-18811,-18558,-18305,-18052,-17799,-17546,-17293,-17040,-16787,-16534,-16281,-16028,-15775,-15522,-15269,-15016,-14763,-14510,-14257,-14004,-13751,-13498,-13245,-12992,-12739,-12486,-12233,-11980,-11727,-11474,-11221,-10968,-10715,-10462,-10209,-9956,-9703,-9450,-9197,-8944,-8691,-8438,-8185,-7932,-7679,-7426,-7173,-6920,-6667,-6414,-6161,-5908,-5655,-5402,-5149,-4896,-4643,-4390,-4137,-3884,-3631,-3378,-3125,-2872,-2619,-2366,-2113,-1860,-1607,-1354,-1101,-848,-595,-342,-89
165,418,671,924,1177,1430,1683,1936,2189,2442,2695,2948,3201,3454,3707,3960,4213,4466,4719,4972,5225,5478,5731,5984,6237,6490,6743,6996,7249,7502,7755,8008,8261,8514,8767,9020,9273,9526,9779,10032,10285,10538,10791,11044,11297,11550,11803,12056,12309,12562,12815,13068,13321,13574,13827,14080,14333,14586,14839,15092,15345,15598,15851,16104,16357,16610,16863,17116,17369,17622,17875,18128,18381,18634,18887,19140,19393,19646,19899,20152,20405,20658,20911,21164,21417,21670,21923,22176,22264,22429,22682,22935,23188,23441,23694,23947,24200,24453,24706,24959,25212,25465,25718,25971,26224,26477,26730,26983,27236,27489,27742,27995,28248,28501,28754,29007,29260,29513,29766,30019,30272,30525,30778,31031,31284,31537,31790,-31966,-31713,-31460,-31207,-30954,-30701,-30448,-30195,-29942,-29689,-29436,-29183,-28930,-28677,-28424,-28171,-27918,-27665,-27412,-27159,-26906,-26653,-26400,-26147,-25894,-25641,-25388,-25135,-24882,-24629,-24376,-24123,-23870,-23617,-23364,-23111,-22858,-22605,-22352,-22099,-21846,-21593,-21340,-21087,-20834,-20581,-20328,-20075,-19822,-19569,-19316,-19063,-18810,-18557,-18304,-18051,-17798,-17545,-17292,-17039,-16786,-16533,-16280,-16027,-15774,-15521,-15268,-15015,-14762,-14509,-14256,-14003,-13750,-13497,-13244,-12991,-12738,-12485,-12232,-11979,-11726,-11473,-11220,-10967,-10714,-10461,-10208,-9955,-9702,-9449,-9196,-8943,-8690,-8437,-8184,-7931,-7678,-7425,-7172,-6919,-6666,-6413,-6160,-5907,-5654,-5401,-5148,-4895,-4642,-4389,-4136,-3883,-3630,-3377,-3124,-2871,-2618,-2365,-2112,-1859,-1606,-1353,-1100,-847,-594,-341,-88
166,419,672,925,1178,1431,1684,1937,2190,2443,2696,2949,3202,3455,3708,3961,4214,4467,4720,4973,5226,5479,5732,5985,6238,6491,6744,6997,7250,7503,7756,8009,8262,8515,8768,9021,9274,9527,9780,10033,10286,10539,10792,11045,11298,11551,11804,12057,12310,12563,12816,13069,13322,13575,13828,14081,14334,14587,14840,15093,15346,15599,15852,16105,16358,16611,16864,17117,17370,17623,17876,18129,18382,18635,18888,19141,19394,19647,19900,20153,20406,20659,20912,21165,21418,21671,21924,22011,22177,22430,22683,22936,23189,23442,23695,23948,24201,24454,24707,24960,25213,25466,25719,25972,26225,26478,26731,26984,27237,27490,27743,27996,28249,28502,28755,29008,29261,29514,29767,30020,30273,30526,30779,31032,31285,31538,31791,-31965,-31712,-31459,-31206,-30953,-30700,-30447,-30194,-29941,-29688,-29435,-29182,-28929,-28676,-28423,-28170,-27917,-27664,-27411,-27158,-26905,-26652,-26399,-26146,-25893,-25640,-25387,-25134,-24881,-24628,-24375,-24122,-23869,-23616,-23363,-23110,-22857,-22604,-22351,-22098,-21845,-21592,-21339,-21086,-20833,-20580,-20327,-20074,-19821,-19568,-19315,-19062,-18809,-18556,-18303,-18050,-17797,-17544,-17291,-17038,-16785,-16532,-16279,-16026,-15773,-15520,-15267,-15014,-14761,-14508,-14255,-14002,-13749,-13496,-13243,-12990,-12737,-12484,-12231,-11978,-11725,-11472,-11219,-10966,-10713,-10460,-10207,-9954,-9701,-9448,-9195,-8942,-8689,-8436,-8183,-7930,-7677,-7424,-7171,-6918,-6665,-6412,-6159,-5906,-5653,-5400,-5147,-4894,-4641,-4388,-4135,-3882,-3629,-3376,-3123,-2870,-2617,-2364,-2111,-1858,-1605,-1352,-1099,-846,-593,-340,-87
167,420,673,926,1179,1432,1685,1938,2191,2444,2697,2950,3203,3456,3709,3962,4215,4468,4721,4974,5227,5480,5733,5986,6239,6492,6745,6998,7251,7504,7757,8010,8263,8516,8769,9022,9275,9528,9781,10034,10287,10540,10793,11046,11299,11552,11805,12058,12311,12564,12817,13070,13323,13576,13829,14082,14335,14588,14841,15094,15347,15600,15853,16106,16359,16612,16865,17118,17371,17624,17877,18130,18383,18636,18889,19142,19395,19648,19901,20154,20407,20660,20913,21166,21419,21672,21758,21925,22178,22431,22684,22937,23190,23443,23696,23949,24202,24455,24708,24961,25214,25467,25720,25973,26226,26479,26732,26985,27238,27491,27744,27997,28250,28503,28756,29009,29262,29515,29768,30021,30274,30527,30780,31033,31286,31539,31792,-31964,-31711,-31458,-31205,-30952,-30699,-30446,-30193,-29940,-29687,-29434,-29181,-28928,-28675,-28422,-28169,-27916,-27663,-27410,-27157,-26904,-26651,-26398,-26145,-25892,-25639,-25386,-25133,-24880,-24627,-24374,-24121,-23868,-23615,-23362,-23109,-22856,-22603,-22350,-22097,-21844,-21591,-21338,-21085,-20832,-20579,-20326,-20073,-19820,-19567,-19314,-19061,-18808,-18555,-18302,-18049,-17796,-17543,-17290,-17037,-16784,-16531,-16278,-16025,-15772,-15519,-15266,-15013,-14760,-14507,-14254,-14001,-13748,-13495,-13242,-12989,-12736,-12483,-12230,-11977,-11724,-11471,-11218,-10965,-10712,-10459,-10206,-9953,-9700,-9447,-9194,-8941,-8688,-8435,-8182,-7929,-7676,-7423,-7170,-6917,-6664,-6411,-6158,-5905,-5652,-5399,-5146,-4893,-4640,-4387,-4134,-3881,-3628,-3375,-3122,-2869,-2616,-2363,-2110,-1857,-1604,-1351,-1098,-845,-592,-339,-86
168,421,674,927,1180,1433,1686,1939,2192,2445,2698,2951,3204,3457,3710,3963,4216,4469,4722,4975,5228,5481,5734,5987,6240,6493,6746,6999,7252,7505,7758,8011,8264,8517,8770,9023,9276,9529,9782,10035,10288,10541,10794,11047,11300,11553,11806,12059,12312,12565,12818,13071,13324,13577,13830,14083,14336,14589,14842,15095,15348,15601,15854,16107,16360,16613,16866,17119,17372,17625,17878,18131,18384,18637,18890,19143,19396,19649,19902,20155,20408,20661,20914,21167,21420,21505,21673,21926,22179,22432,22685,22938,23191,23444,23697,23950,24203,24456,24709,24962,25215,25468,25721,25974,26227,26480,26733,26986,27239,27492,27745,27998,28251,28504,28757,29010,29263,29516,29769,30022,30275,30528,30781,31034,31287,31540,31793,-31963,-31710,-31457,-31204,-30951,-30698,-30445,-30192,-29939,-29686,-29433,-29180,-28927,-28674,-28421,-28168,-27915,-27662,-27409,-27156,-26903,-26650,-26397,-26144,-25891,-25638,-25385,-25132,-24879,-24626,-24373,-24120,-23867,-23614,-23361,-23108,-22855,-22602,-22349,-22096,-21843,-21590,-21337,-21084,-20831,-20578,-20325,-20072,-19819,-19566,-19313,-19060,-18807,-18554,-18301,-18048,-17795,-17542,-17289,-17036,-16783,-16530,-16277,-16024,-15771,-15518,-15265,-15012,-14759,-14506,-14253,-14000,-13747,-13494,-13241,-12988,-12735,-12482,-12229,-11976,-11723,-11470,-11217,-10964,-10711,-10458,-10205,-9952,-9699,-9446,-9193,-8940,-8687,-8434,-8181,-7928,-7675,-7422,-7169,-6916,-6663,-6410,-6157,-5904,-5651,-5398,-5145,-4892,-4639,-4386,-4133,-3880,-3627,-3374,-3121,-2868,-2615,-2362,-2109,-1856,-1603,-1350,-1097,-844,-591,-338,-85
169,422,675,928,1181,1434,1687,1940,2193,2446,2699,2952,3205,3458,3711,3964,4217,4470,4723,4976,5229,5482,5735,5988,6241,6494,6747,7000,7253,7506,7759,8012,8265,8518,8771,9024,9277,9530,9783,10036,10289,10542,10795,11048,11301,11554,11807,12060,12313,12566,12819,13072,13325,13578,13831,14084,14337,14590,14843,15096,15349,15602,15855,16108,16361,16614,16867,17120,17373,17626,17879,18132,18385,18638,18891,19144,19397,19650,19903,20156,20409,20662,20915,21168,21252,21421,21674,21927,22180,22433,22686,22939,23192,23445,23698,23951,24204,24457,24710,24963,25216,25469,25722,25975,26228,26481,26734,26987,27240,27493,27746,27999,28252,28505,28758,29011,29264,29517,29770,30023,30276,30529,30782,31035,31288,31541,31794,-31962,-31709,-31456,-31203,-30950,-30697,-30444,-30191,-29938,-29685,-29432,-29179,-28926,-28673,-28420,-28167,-27914,-27661,-27408,-27155,-26902,-26649,-26396,-26143,-25890,-25637,-25384,-25131,-24878,-24625,-24372,-24119,-23866,-23613,-23360,-23107,-22854,-22601,-22348,-22095,-21842,-21589,-21336,-21083,-20830,-20577,-20324,-20071,-19818,-19565,-19312,-19059,-18806,-18553,-18300,-18047,-17794,-17541,-17288,-17035,-16782,-16529,-16276,-16023,-15770,-15517,-15264,-15011,-14758,-14505,-14252,-13999,-13746,-13493,-13240,-12987,-12734,-12481,-12228,-11975,-11722,-11469,-11216,-10963,-10710,-10457,-10204,-9951,-9698,-9445,-9192,-8939,-8686,-8433,-8180,-7927,-7674,-7421,-7168,-6915,-6662,-6409,-6156,-5903,-5650,-5397,-5144,-4891,-4638,-4385,-4132,-3879,-3626,-3373,-3120,-2867,-2614,-2361,-2108,-1855,-1602,-1349,-1096,-843,-590,-337,-84
170,423,676,929,1182,1435,1688,1941,2194,2447,2700,2953,3206,3459,3712,3965,4218,4471,4724,4977,5230,5483,5736,5989,6242,6495,6748,7001,7254,7507,7760,8013,8266,8519,8772,9025,9278,9531,9784,10037,10290,10543,10796,11049,11302,11555,11808,12061,12314,12567,12820,13073,13326,13579,13832,14085,14338,14591,14844,15097,15350,15603,15856,16109,16362,16615,16868,17121,17374,17627,17880,18133,18386,18639,18892,19145,19398,19651,19904,20157,20410,20663,20916,20999,21169,21422,21675,21928,22181,22434,22687,22940,23193,23446,23699,23952,24205,24458,24711,24964,25217,25470,25723,25976,26229,26482,26735,26988,27241,27494,27747,28000,28253,28506,28759,29012,29265,29518,29771,30024,30277,30530,30783,31036,31289,31542,31795,-31961,-31708,-31455,-31202,-30949,-30696,-30443,-30190,-29937,-29684,-29431,-29178,-28925,-28672,-28419,-28166,-27913,-27660,-27407,-27154,-26901,-26648,-26395,-26142,-25889,-25636,-25383,-25130,-24877,-24624,-24371,-24118,-23865,-23612,-23359,-23106,-22853,-22600,-22347,-22094,-21841,-21588,-21335,-21082,-20829,-20576,-20323,-20070,-19817,-19564,-19311,-19058,-18805,-18552,-18299,-18046,-17793,-17540,-17287,-17034,-16781,-16528,-16275,-16022,-15769,-15516,-15263,-15010,-14757,-14504,-14251,-13998,-13745,-13492,-13239,-12986,-12733,-12480,-12227,-11974,-11721,-11468,-11215,-10962,-10709,-10456,-10203,-9950,-9697,-9444,-9191,-8938,-8685,-8432,-8179,-7926,-7673,-7420,-7167,-6914,-6661,-6408,-6155,-5902,-5649,-5396,-5143,-4890,-4637,-4384,-4131,-3878,-3625,-3372,-3119,-2866,-2613,-2360,-2107,-1854,-1601,-1348,-1095,-842,-589,-336,-83
171,424,677,930,1183,1436,1689,1942,2195,2448,2701,2954,3207,3460,3713,3966,4219,4472,4725,4978,5231,5484,5737,5990,6243,6496,6749,7002,7255,7508,7761,8014,8267,8520,8773,9026,9279,9532,9785,10038,10291,10544,10797,11050,11303,11556,11809,12062,12315,12568,12821,13074,13327,13580,13833,14086,14339,14592,14845,15098,15351,15604,15857,16110,16363,16616,16869,17122,17375,17628,17881,18134,18387,18640,18893,19146,19399,19652,19905,20158,20411,20664,20746,20917,21170,21423,21676,21929,22182,22435,22688,22941,23194,23447,23700,23953,24206,24459,24712,24965,25218,25471,25724,25977,26230,26483,26736,26989,27242,27495,27748,28001,28254,28507,28760,29013,29266,29519,29772,30025,30278,30531,30784,31037,31290,31543,31796,-31960,-31707,-31454,-31201,-30948,-30695,-30442,-30189,-29936,-29683,-29430,-29177,-28924,-28671,-28418,-28165,-27912,-27659,-27406,-27153,-26900,-26647,-26394,-26141,-25888,-25635,-25382,-25129,-24876,-24623,-24370,-24117,-23864,-23611,-23358,-23105,-22852,-22599,-22346,-22093,-21840,-21587,-21334,-21081,-20828,-20575,-20322,-20069,-19816,-19563,-19310,-19057,-18804,-18551,-18298,-18045,-17792,-17539,-17286,-17033,-16780,-16527,-16274,-16021,-15768,-15515,-15262,-15009,-14756,-14503,-14250,-13997,-13744,-13491,-13238,-12985,-12732,-12479,-12226,-11973,-11720,-11467,-11214,-10961,-10708,-10455,-10202,-9949,-9696,-9443,-9190,-8937,-8684,-8431,-8178,-7925,-7672,-7419,-7166,-6913,-6660,-6407,-6154,-5901,-5648,-5395,-5142,-4889,-4636,-4383,-4130,-3877,-3624,-3371,-3118,-2865,-2612,-2359,-2106,-1853,-1600,-1347,-1094,-841,-588,-335,-82
172,425,678,931,1184,1437,1690,1943,2196,2449,2702,2955,3208,3461,3714,3967,4220,4473,4726,4979,5232,5485,5738,5991,6244,6497,6750,7003,7256,7509,7762,8015,8268,8521,8774,9027,9280,9533,9786,10039,10292,10545,10798,11051,11304,11557,11810,12063,12316,12569,12822,13075,13328,13581,13834,14087,14340,14593,14846,15099,15352,15605,15858,16111,16364,16617,16870,17123,17376,17629,17882,18135,18388,18641,18894,19147,19400,19653,19906,20159,20412,20493,20665,20918,21171,21424,21677,21930,22183,22436,22689,22942,23195,23448,23701,23954,24207,24460,24713,24966,25219,25472,25725,25978,26231,26484,26737,26990,27243,27496,27749,28002,28255,28508,28761,29014,29267,29520,29773,30026,30279,30532,30785,31038,31291,31544,31797,-31959,-31706,-31453,-31200,-30947,-30694,-30441,-30188,-29935,-29682,-29429,-29176,-28923,-28670,-28417,-28164,-27911,-27658,-27405,-27152,-26899,-26646,-26393,-26140,-25887,-25634,-25381,-25128,-24875,-24622,-24369,-24116,-23863,-23610,-23357,-23104,-22851,-22598,-22345,-22092,-21839,-21586,-21333,-21080,-20827,-20574,-20321,-20068,-19815,-19562,-19309,-19056,-18803,-18550,-18297,-18044,-17791,-17538,-17285,-17032,-16779,-16526,-16273,-16020,-15767,-15514,-15261,-15008,-14755,-14502,-14249,-13996,-13743,-13490,-13237,-12984,-12731,-12478,-12225,-11972,-11719,-11466,-11213,-10960,-10707,-10454,-10201,-9948,-9695,-9442,-9189,-8936,-8683,-8430,-8177,-7924,-7671,-7418,-7165,-6912,-6659,-6406,-6153,-5900,-5647,-5394,-5141,-4888,-4635,-4382,-4129,-3876,-3623,-3370,-3117,-2864,-2611,-2358,-2105,-1852,-1599,-1346,-1093,-840,-587,-334,-81
173,426,679,932,1185,1438,1691,1944,2197,2450,2703,2956,3209,3462,3715,3968,4221,4474,4727,4980,5233,5486,5739,5992,6245,6498,6751,7004,7257,7510,7763,8016,8269,8522,8775,9028,9281,9534,9787,10040,10293,10546,10799,11052,11305,11558,11811,12064,12317,12570,12823,13076,13329,13582,13835,14088,14341,14594,14847,15100,15353,15606,15859,16112,16365,16618,16871,17124,17377,17630,17883,18136,18389,18642,18895,19148,19401,19654,19907,20160,20240,20413,20666,20919,21172,21425,21678,21931,22184,22437,22690,22943,23196,23449,23702,23955,24208,24461,24714,24967,25220,25473,25726,25979,26232,26485,26738,26991,27244,27497,27750,28003,28256,28509,28762,29015,29268,29521,29774,30027,30280,30533,30786,31039,31292,31545,31798,-31958,-31705,-31452,-31199,-30946,-30693,-30440,-30187,-29934,-29681,-29428,-29175,-28922,-28669,-28416,-28163,-27910,-27657,-27404,-27151,-26898,-26645,-26392,-26139,-25886,-25633,-25380,-25127,-24874,-24621,-24368,-24115,-23862,-23609,-23356,-23103,-22850,-22597,-22344,-22091,-21838,-21585,-21332,-21079,-20826,-20573,-20320,-20067,-19814,-19561,-19308,-19055,-18802,-18549,-18296,-18043,-17790,-17537,-17284,-17031,-16778,-16525,-16272,-16019,-15766,-15513,-15260,-15007,-14754,-14501,-14248,-13995,-13742,-13489,-13236,-12983,-12730,-12477,-12224,-11971,-11718,-11465,-11212,-10959,-10706,-10453,-10200,-9947,-9694,-9441,-9188,-8935,-8682,-8429,-8176,-7923,-7670,-7417,-7164,-6911,-6658,-6405,-6152,-5899,-5646,-5393,-5140,-4887,-4634,-4381,-4128,-3875,-3622,-3369,-3116,-2863,-2610,-2357,-2104,-1851,-1598,-1345,-1092,-839,-586,-333,-80
174,427,680,933,1186,1439,1692,1945,2198,2451,2704,2957,3210,3463,3716,3969,4222,4475,4728,4981,5234,5487,5740,5993,6246,6499,6752,7005,7258,7511,7764,8017,8270,8523,8776,9029,9282,9535,9788,10041,10294,10547,10800,11053,11306,11559,11812,12065,12318,12571,12824,13077,13330,13583,13836,14089,14342,14595,14848,15101,15354,15607,15860,16113,16366,16619,16872,17125,17378,17631,17884,18137,18390,18643,18896,19149,19402,19655,19908,19987,20161,20414,20667,20920,21173,21426,21679,21932,22185,22438,22691,22944,23197,23450,23703,23956,24209,24462,24715,24968,25221,25474,25727,25980,26233,26486,26739,26992,27245,27498,27751,28004,28257,28510,28763,29016,29269,29522,29775,30028,30281,30534,30787,31040,31293,31546,31799,-31957,-31704,-31451,-31198,-30945,-30692,-30439,-30186,-29933,-29680,-29427,-29174,-28921,-28668,-28415,-28162,-27909,-27656,-27403,-27150,-26897,-26644,-26391,-26138,-25885,-25632,-25379,-25126,-24873,-24620,-24367,-24114,-23861,-23608,-23355,-23102,-22849,-22596,-22343,-22090,-21837,-21584,-21331,-21078,-20825,-20572,-20319,-20066,-19813,-19560,-19307,-19054,-18801,-18548,-18295,-18042,-17789,-17536,-17283,-17030,-16777,-16524,-16271,-16018,-15765,-15512,-15259,-15006,-14753,-14500,-14247,-13994,-13741,-13488,-13235,-12982,-12729,-12476,-12223,-11970,-11717,-11464,-11211,-10958,-10705,-10452,-10199,-9946,-9693,-9440,-9187,-8934,-8681,-8428,-8175,-7922,-7669,-7416,-7163,-6910,-6657,-6404,-6151,-5898,-5645,-5392,-5139,-4886,-4633,-4380,-4127,-3874,-3621,-3368,-3115,-2862,-2609,-2356,-2103,-1850,-1597,-1344,-1091,-838,-585,-332,-79
175,428,681,934,1187,1440,1693,1946,2199,2452,2705,2958,3211,3464,3717,3970,4223,4476,4729,4982,5235,5488,5741,5994,6247,6500,6753,7006,7259,7512,7765,8018,8271,8524,8777,9030,9283,9536,9789,10042,10295,10548,10801,11054,11307,11560,11813,12066,12319,12572,12825,13078,13331,13584,13837,14090,14343,14596,14849,15102,15355,15608,15861,16114,16367,16620,16873,17126,17379,17632,17885,18138,18391,18644,18897,19150,19403,19656,19734,19909,20162,20415,20668,20921,21174,21427,21680,21933,22186,22439,22692,22945,23198,23451,23704,23957,24210,24463,24716,24969,25222,25475,25728,25981,26234,26487,26740,26993,27246,27499,27752,28005,28258,28511,28764,29017,29270,29523,29776,30029,30282,30535,30788,31041,31294,31547,31800,-31956,-31703,-31450,-31197,-30944,-30691,-30438,-30185,-29932,-29679,-29426,-29173,-28920,-28667,-28414,-28161,-27908,-27655,-27402,-27149,-26896,-26643,-26390,-26137,-25884,-25631,-25378,-25125,-24872,-24619,-24366,-24113,-23860,-23607,-23354,-23101,-22848,-22595,-22342,-22089,-21836,-21583,-21330,-21077,-20824,-20571,-20318,-20065,-19812,-19559,-19306,-19053,-18800,-18547,-18294,-18041,-17788,-17535,-17282,-17029,-16776,-16523,-16270,-16017,-15764,-15511,-15258,-15005,-14752,-14499,-14246,-13993,-13740,-13487,-13234,-12981,-12728,-12475,-12222,-11969,-11716,-11463,-11210,-10957,-10704,-10451,-10198,-9945,-9692,-9439,-9186,-8933,-8680,-8427,-8174,-7921,-7668,-7415,-7162,-6909,-6656,-6403,-6150,-5897,-5644,-5391,-5138,-4885,-4632,-4379,-4126,-3873,-3620,-3367,-3114,-2861,-2608,-2355,-2102,-1849,-1596,-1343,-1090,-837,-584,-331,-78
176,429,682,935,1188,1441,1694,1947,2200,2453,2706,2959,3212,3465,3718,3971,4224,4477,4730,4983,5236,5489,5742,5995,6248,6501,6754,7007,7260,7513,7766,8019,8272,8525,8778,9031,9284,9537,9790,10043,10296,10549,10802,11055,11308,11561,11814,12067,12320,12573,12826,13079,13332,13585,13838,14091,14344,14597,14850,15103,15356,15609,15862,16115,16368,16621,16874,17127,17380,17633,17886,18139,18392,18645,18898,19151,19404,19481,19657,19910,20163,20416,20669,20922,21175,21428,21681,21934,22187,22440,22693,22946,23199,23452,23705,23958,24211,24464,24717,24970,25223,25476,25729,25982,26235,26488,26741,26994,27247,27500,27753,28006,28259,28512,28765,29018,29271,29524,29777,30030,30283,30536,30789,31042,31295,31548,31801,-31955,-31702,-31449,-31196,-30943,-30690,-30437,-30184,-29931,-29678,-29425,-29172,-28919,-28666,-28413,-28160,-27907,-27654,-27401,-27148,-26895,-26642,-26389,-26136,-25883,-25630,-25377,-25124,-24871,-24618,-24365,-24112,-23859,-23606,-23353,-23100,-22847,-22594,-22341,-22088,-21835,-21582,-21329,-21076,-20823,-20570,-20317,-20064,-19811,-19558,-19305,-19052,-18799,-18546,-18293,-18040,-17787,-17534,-17281,-17028,-16775,-16522,-16269,-16016,-15763,-15510,-15257,-15004,-14751,-14498,-14245,-13992,-13739,-13486,-13233,-12980,-12727,-12474,-12221,-11968,-11715,-11462,-11209,-10956,-10703,-10450,-10197,-9944,-9691,-9438,-9185,-8932,-8679,-8426,-8173,-7920,-7667,-7414,-7161,-6908,-6655,-6402,-6149,-5896,-5643,-5390,-5137,-4884,-4631,-4378,-4125,-3872,-3619,-3366,-3113,-2860,-2607,-2354,-2101,-1848,-1595,-1342,-1089,-836,-583,-330,-77
177,430,683,936,1189,1442,1695,1948,2201,2454,2707,2960,3213,3466,3719,3972,4225,4478,4731,4984,5237,5490,5743,5996,6249,6502,6755,7008,7261,7514,7767,8020,8273,8526,8779,9032,9285,9538,9791,10044,10297,10550,10803,11056,11309,11562,11815,12068,12321,12574,12827,13080,13333,13586,13839,14092,14345,14598,14851,15104,15357,15610,15863,16116,16369,16622,16875,17128,17381,17634,17887,18140,18393,18646,18899,19152,19228,19405,19658,19911,20164,20417,20670,20923,21176,21429,21682,21935,22188,22441,22694,22947,23200,23453,23706,23959,24212,24465,24718,24971,25224,25477,25730,25983,26236,26489,26742,26995,27248,27501,27754,28007,28260,28513,28766,29019,29272,29525,29778,30031,30284,30537,30790,31043,31296,31549,31802,-31954,-31701,-31448,-31195,-30942,-30689,-30436,-30183,-29930,-29677,-29424,-29171,-28918,-28665,-28412,-28159,-27906,-27653,-27400,-27147,-26894,-26641,-26388,-26135,-25882,-25629,-25376,-25123,-24870,-24617,-24364,-24111,-23858,-23605,-23352,-23099,-22846,-22593,-22340,-22087,-21834,-21581,-21328,-21075,-20822,-20569,-20316,-20063,-19810,-19557,-19304,-19051,-18798,-18545,-18292,-18039,-17786,-17533,-17280,-17027,-16774,-16521,-16268,-16015,-15762,-15509,-15256,-15003,-14750,-14497,-14244,-13991,-13738,-13485,-13232,-12979,-12726,-12473,-12220,-11967,-11714,-11461,-11208,-10955,-10702,-10449,-10196,-9943,-9690,-9437,-9184,-8931,-8678,-8425,-8172,-7919,-7666,-7413,-7160,-6907,-6654,-6401,-6148,-5895,-5642,-5389,-5136,-4883,-4630,-4377,-4124,-3871,-3618,-3365,-3112,-2859,-2606,-2353,-2100,-1847,-1594,-1341,-1088,-835,-582,-329,-76
178,431,684,937,1190,1443,1696,1949,2202,2455,2708,2961,3214,3467,3720,3973,4226,4479,4732,4985,5238,5491,5744,5997,6250,6503,6756,7009,7262,7515,7768,8021,8274,8527,8780,9033,9286,9539,9792,10045,10298,10551,10804,11057,11310,11563,11816,12069,12322,12575,12828,13081,13334,13587,13840,14093,14346,14599,14852,15105,15358,15611,15864,16117,16370,16623,16876,17129,17382,17635,17888,18141,18394,18647,18900,18975,19153,19406,19659,19912,20165,20418,20671,20924,21177,21430,21683,21936,22189,22442,22695,22948,23201,23454,23707,23960,24213,24466,24719,24972,25225,25478,25731,25984,26237,26490,26743,26996,27249,27502,27755,28008,28261,28514,28767,29020,29273,29526,29779,30032,30285,30538,30791,31044,31297,31550,31803,-31953,-31700,-31447,-31194,-30941,-30688,-30435,-30182,-29929,-29676,-29423,-29170,-28917,-28664,-28411,-28158,-27905,-27652,-27399,-27146,-26893,-26640,-26387,-26134,-25881,-25628,-25375,-25122,-24869,-24616,-24363,-24110,-23857,-23604,-23351,-23098,-22845,-22592,-22339,-22086,-21833,-21580,-21327,-21074,-20821,-20568,-20315,-20062,-19809,-19556,-19303,-19050,-18797,-18544,-18291,-18038,-17785,-17532,-17279,-17026,-16773,-16520,-16267,-16014,-15761,-15508,-15255,-15002,-14749,-14496,-14243,-13990,-13737,-13484,-13231,-12978,-12725,-12472,-12219,-11966,-11713,-11460,-11207,-10954,-10701,-10448,-10195,-9942,-9689,-9436,-9183,-8930,-8677,-8424,-8171,-7918,-7665,-7412,-7159,-6906,-6653,-6400,-6147,-5894,-5641,-5388,-5135,-4882,-4629,-4376,-4123,-3870,-3617,-3364,-3111,-2858,-2605,-2352,-2099,-1846,-1593,-1340,-1087,-834,-581,-328,-75
179,432,685,938,1191,1444,1697,1950,2203,2456,2709,2962,3215,3468,3721,3974,4227,4480,4733,4986,5239,5492,5745,5998,6251,6504,6757,7010,7263,7516,7769,8022,8275,8528,8781,9034,9287,9540,9793,10046,10299,10552,10805,11058,11311,11564,11817,12070,12323,12576,12829,13082,13335,13588,13841,14094,14347,14600,14853,15106,15359,15612,15865,16118,16371,16624,16877,17130,17383,17636,17889,18142,18395,18648,18722,18901,19154,19407,19660,19913,20166,20419,20672,20925,21178,21431,21684,21937,22190,22443,22696,22949,23202,23455,23708,23961,24214,24467,24720,24973,25226,25479,25732,25985,26238,26491,26744,26997,27250,27503,27756,28009,28262,28515,28768,29021,29274,29527,29780,30033,30286,30539,30792,31045,31298,31551,31804,-31952,-31699,-31446,-31193,-30940,-30687,-30434,-30181,-29928,-29675,-29422,-29169,-28916,-28663,-28410,-28157,-27904,-27651,-27398,-27145,-26892,-26639,-26386,-26133,-25880,-25627,-25374,-25121,-24868,-24615,-24362,-24109,-23856,-23603,-23350,-23097,-22844,-22591,-22338,-22085,-21832,-21579,-21326,-21073,-20820,-20567,-20314,-20061,-19808,-19555,-19302,-19049,-18796,-18543,-18290,-18037,-17784,-17531,-17278,-17025,-16772,-16519,-16266,-16013,-15760,-15507,-15254,-15001,-14748,-14495,-14242,-13989,-13736,-13483,-13230,-12977,-12724,-12471,-12218,-11965,-11712,-11459,-11206,-10953,-10700,-10447,-10194,-9941,-9688,-9435,-9182,-8929,-8676,-8423,-8170,-7917,-7664,-7411,-7158,-6905,-6652,-6399,-6146,-5893,-5640,-5387,-5134,-4881,-4628,-4375,-4122,-3869,-3616,-3363,-3110,-2857,-2604,-2351,-2098,-1845,-1592,-1339,-1086,-833,-580,-327,-74
180,433,686,939,1192,1445,1698,1951,2204,2457,2710,2963,3216,3469,3722,3975,4228,4481,4734,4987,5240,5493,5746,5999,6252,6505,6758,7011,7264,7517,7770,8023,8276,8529,8782,9035,9288,9541,9794,10047,10300,10553,10806,11059,11312,11565,11818,12071,12324,12577,12830,13083,13336,13589,13842,14095,14348,14601,14854,15107,15360,15613,15866,16119,16372,16625,16878,17131,17384,17637,17890,18143,18396,18469,18649,18902,19155,19408,19661,19914,20167,20420,20673,20926,21179,21432,21685,21938,22191,22444,22697,22950,23203,23456,23709,23962,24215,24468,24721,24974,25227,25480,25733,25986,26239,26492,26745,26998,27251,27504,27757,28010,28263,28516,28769,29022,29275,29528,29781,30034,30287,30540,30793,31046,31299,31552,31805,-31951,-31698,-31445,-31192,-30939,-30686,-30433,-30180,-29927,-29674,-29421,-29168,-28915,-28662,-28409,-28156,-27903,-27650,-27397,-27144,-26891,-26638,-26385,-26132,-25879,-25626,-25373,-25120,-24867,-24614,-24361,-24108,-23855,-23602,-23349,-23096,-22843,-22590,-22337,-22084,-21831,-21578,-21325,-21072,-20819,-20566,-20313,-20060,-19807,-19554,-19301,-19048,-18795,-18542,-18289,-18036,-17783,-17530,-17277,-17024,-16771,-16518,-16265,-16012,-15759,-15506,-15253,-15000,-14747,-14494,-14241,-13988,-13735,-13482,-13229,-12976,-12723,-12470,-12217,-11964,-11711,-11458,-11205,-10952,-10699,-10446,-10193,-9940,-9687,-9434,-9181,-8928,-8675,-8422,-8169,-7916,-7663,-7410,-7157,-6904,-6651,-6398,-6145,-5892,-5639,-5386,-5133,-4880,-4627,-4374,-4121,-3868,-3615,-3362,-3109,-2856,-2603,-2350,-2097,-1844,-1591,-1338,-1085,-832,-579,-326,-73
181,434,687,940,1193,1446,1699,1952,2205,2458,2711,2964,3217,3470,3723,3976,4229,4482,4735,4988,5241,5494,5747,6000,6253,6506,6759,7012,7265,7518,7771,8024,8277,8530,8783,9036,9289,9542,9795,10048,10301,10554,10807,11060,11313,11566,11819,12072,12325,12578,12831,13084,13337,13590,13843,14096,14349,14602,14855,15108,15361,15614,15867,16120,16373,16626,16879,17132,17385,17638,17891,18144,18216,18397,18650,18903,19156,19409,19662,19915,20168,20421,20674,20927,21180,21433,21686,21939,22192,22445,22698,22951,23204,23457,23710,23963,24216,24469,24722,24975,25228,25481,25734,25987,26240,26493,26746,26999,27252,27505,27758,28011,28264,28517,28770,29023,29276,29529,29782,30035,30288,30541,30794,31047,31300,31553,31806,-31950,-31697,-31444,-31191,-30938,-30685,-30432,-30179,-29926,-29673,-29420,-29167,-28914,-28661,-28408,-28155,-27902,-27649,-27396,-27143,-26890,-26637,-26384,-26131,-25878,-25625,-25372,-25119,-24866,-24613,-24360,-24107,-23854,-23601,-23348,-23095,-22842,-22589,-22336,-22083,-21830,-21577,-21324,-21071,-20818,-20565,-20312,-20059,-19806,-19553,-19300,-19047,-18794,-18541,-18288,-18035,-17782,-17529,-17276,-17023,-16770,-16517,-16264,-16011,-15758,-15505,-15252,-14999,-14746,-14493,-14240,-13987,-13734,-13481,-13228,-12975,-12722,-12469,-12216,-11963,-11710,-11457,-11204,-10951,-10698,-10445,-10192,-9939,-9686,-9433,-9180,-8927,-8674,-8421,-8168,-7915,-7662,-7409,-7156,-6903,-6650,-6397,-6144,-5891,-5638,-5385,-5132,-4879,-4626,-4373,-4120,-3867,-3614,-3361,-3108,-2855,-2602,-2349,-2096,-1843,-1590,-1337,-1084,-831,-578,-325,-72
182,435,688,941,1194,1447,1700,1953,2206,2459,2712,2965,3218,3471,3724,3977,4230,4483,4736,4989,5242,5495,5748,6001,6254,6507,6760,7013,7266,7519,7772,8025,8278,8531,8784,9037,9290,9543,9796,10049,10302,10555,10808,11061,11314,11567,11820,12073,12326,12579,12832,13085,13338,13591,13844,14097,14350,14603,14856,15109,15362,15615,15868,16121,16374,16627,16880,17133,17386,17639,17892,17963,18145,18398,18651,18904,19157,19410,19663,19916,20169,20422,20675,20928,21181,21434,21687,21940,22193,22446,22699,22952,23205,23458,23711,23964,24217,24470,24723,24976,25229,25482,25735,25988,26241,26494,26747,27000,27253,27506,27759,28012,28265,28518,28771,29024,29277,29530,29783,30036,30289,30542,30795,31048,31301,31554,31807,-31949,-31696,-31443,-31190,-30937,-30684,-30431,-30178,-29925,-29672,-29419,-29166,-28913,-28660,-28407,-28154,-27901,-27648,-27395,-27142,-26889,-26636,-26383,-26130,-25877,-25624,-25371,-25118,-24865,-24612,-24359,-24106,-23853,-23600,-23347,-23094,-22841,-22588,-22335,-22082,-21829,-21576,-21323,-21070,-20817,-20564,-20311,-20058,-19805,-19552,-19299,-19046,-18793,-18540,-18287,-18034,-17781,-17528,-17275,-17022,-16769,-16516,-16263,-16010,-15757,-15504,-15251,-14998,-14745,-14492,-14239,-13986,-13733,-13480,-13227,-12974,-12721,-12468,-12215,-11962,-11709,-11456,-11203,-10950,-10697,-10444,-10191,-9938,-9685,-9432,-9179,-8926,-8673,-8420,-8167,-7914,-7661,-7408,-7155,-6902,-6649,-6396,-6143,-5890,-5637,-5384,-5131,-4878,-4625,-4372,-4119,-3866,-3613,-3360,-3107,-2854,-2601,-2348,-2095,-1842,-1589,-1336,-1083,-830,-577,-324,-71
183,436,689,942,1195,1448,1701,1954,2207,2460,2713,2966,3219,3472,3725,3978,4231,4484,4737,4990,5243,5496,5749,6002,6255,6508,6761,7014,7267,7520,7773,8026,8279,8532,8785,9038,9291,9544,9797,10050,10303,10556,10809,11062,11315,11568,11821,12074,12327,12580,12833,13086,13339,13592,13845,14098,14351,14604,14857,15110,15363,15616,15869,16122,16375,16628,16881,17134,17387,17640,17710,17893,18146,18399,18652,18905,19158,19411,19664,19917,20170,20423,20676,20929,21182,21435,21688,21941,22194,22447,22700,22953,23206,23459,23712,23965,24218,24471,24724,24977,25230,25483,25736,25989,26242,26495,26748,27001,27254,27507,27760,28013,28266,28519,28772,29025,29278,29531,29784,30037,30290,30543,30796,31049,31302,31555,31808,-31948,-31695,-31442,-31189,-30936,-30683,-30430,-30177,-29924,-29671,-29418,-29165,-28912,-28659,-28406,-28153,-27900,-27647,-27394,-27141,-26888,-26635,-26382,-26129,-25876,-25623,-25370,-25117,-24864,-24611,-24358,-24105,-23852,-23599,-23346,-23093,-22840,-22587,-22334,-22081,-21828,-21575,-21322,-21069,-20816,-20563,-20310,-20057,-19804,-19551,-19298,-19045,-18792,-18539,-18286,-18033,-17780,-17527,-17274,-17021,-16768,-16515,-16262,-16009,-15756,-15503,-15250,-14997,-14744,-14491,-14238,-13985,-13732,-13479,-13226,-12973,-12720,-12467,-12214,-11961,-11708,-11455,-11202,-10949,-10696,-10443,-10190,-9937,-9684,-9431,-9178,-8925,-8672,-8419,-8166,-7913,-7660,-7407,-7154,-6901,-6648,-6395,-6142,-5889,-5636,-5383,-5130,-4877,-4624,-4371,-4118,-3865,-3612,-3359,-3106,-2853,-2600,-2347,-2094,-1841,-1588,-1335,-1082,-829,-576,-323,-70
184,437,690,943,1196,1449,1702,1955,2208,2461,2714,2967,3220,3473,3726,3979,4232,4485,4738,4991,5244,5497,5750,6003,6256,6509,6762,7015,7268,7521,7774,8027,8280,8533,8786,9039,9292,9545,9798,10051,10304,10557,10810,11063,11316,11569,11822,12075,12328,12581,12834,13087,13340,13593,13846,14099,14352,14605,14858,15111,15364,15617,15870,16123,16376,16629,16882,17135,17388,17457,17641,17894,18147,18400,18653,18906,19159,19412,19665,19918,20171,20424,20677,20930,21183,21436,21689,21942,22195,22448,22701,22954,23207,23460,23713,23966,24219,24472,24725,24978,25231,25484,25737,25990,26243,26496,26749,27002,27255,27508,27761,28014,28267,28520,28773,29026,29279,29532,29785,30038,30291,30544,30797,31050,31303,31556,31809,-31947,-31694,-31441,-31188,-30935,-30682,-30429,-30176,-29923,-29670,-29417,-29164,-28911,-28658,-28405,-28152,-27899,-27646,-27393,-27140,-26887,-26634,-26381,-26128,-25875,-25622,-25369,-25116,-24863,-24610,-24357,-24104,-23851,-23598,-23345,-23092,-22839,-22586,-22333,-22080,-21827,-21574,-21321,-21068,-20815,-20562,-20309,-20056,-19803,-19550,-19297,-19044,-18791,-18538,-18285,-18032,-17779,-17526,-17273,-17020,-16767,-16514,-16261,-16008,-15755,-15502,-15249,-14996,-14743,-14490,-14237,-13984,-13731,-13478,-13225,-12972,-12719,-12466,-12213,-11960,-11707,-11454,-11201,-10948,-10695,-10442,-10189,-9936,-9683,-9430,-9177,-8924,-8671,-8418,-8165,-7912,-7659,-7406,-7153,-6900,-6647,-6394,-6141,-5888,-5635,-5382,-5129,-4876,-4623,-4370,-4117,-3864,-3611,-3358,-3105,-2852,-2599,-2346,-2093,-1840,-1587,-1334,-1081,-828,-575,-322,-69
185,438,691,944,1197,1450,1703,1956,2209,2462,2715,2968,3221,3474,3727,3980,4233,4486,4739,4992,5245,5498,5751,6004,6257,6510,6763,7016,7269,7522,7775,8028,8281,8534,8787,9040,9293,9546,9799,10052,10305,10558,10811,11064,11317,11570,11823,12076,12329,12582,12835,13088,13341,13594,13847,14100,14353,14606,14859,15112,15365,15618,15871,16124,16377,16630,16883,17136,17204,17389,17642,17895,18148,18401,18654,18907,19160,19413,19666,19919,20172,20425,20678,20931,21184,21437,21690,21943,22196,22449,22702,22955,23208,23461,23714,23967,24220,24473,24726,24979,25232,25485,25738,25991,26244,26497,26750,27003,27256,27509,27762,28015,28268,28521,28774,29027,29280,29533,29786,30039,30292,30545,30798,31051,31304,31557,31810,-31946,-31693,-31440,-31187,-30934,-30681,-30428,-30175,-29922,-29669,-29416,-29163,-28910,-28657,-28404,-28151,-27898,-27645,-27392,-27139,-26886,-26633,-26380,-26127,-25874,-25621,-25368,-25115,-24862,-24609,-24356,-24103,-23850,-23597,-23344,-23091,-22838,-22585,-22332,-22079,-21826,-21573,-21320,-21067,-20814,-20561,-20308,-20055,-19802,-19549,-19296,-19043,-18790,-18537,-18284,-18031,-17778,-17525,-17272,-17019,-16766,-16513,-16260,-16007,-15754,-15501,-15248,-14995,-14742,-14489,-14236,-13983,-13730,-13477,-13224,-12971,-12718,-12465,-12212,-11959,-11706,-11453,-11200,-10947,-10694,-10441,-10188,-9935,-9682,-9429,-9176,-8923,-8670,-8417,-8164,-7911,-7658,-7405,-7152,-6899,-6646,-6393,-6140,-5887,-5634,-5381,-5128,-4875,-4622,-4369,-4116,-3863,-3610,-3357,-3104,-2851,-2598,-2345,-2092,-1839,-1586,-1333,-1080,-827,-574,-321,-68
186,439,692,945,1198,1451,1704,1957,2210,2463,2716,2969,3222,3475,3728,3981,4234,4487,4740,4993,5246,5499,5752,6005,6258,6511,6764,7017,7270,7523,7776,8029,8282,8535,8788,9041,9294,9547,9800,10053,10306,10559,10812,11065,11318,11571,11824,12077,12330,12583,12836,13089,13342,13595,13848,14101,14354,14607,14860,15113,15366,15619,15872,16125,16378,16631,16884,16951,17137,17390,17643,17896,18149,18402,18655,18908,19161,19414,19667,19920,20173,20426,20679,20932,21185,21438,21691,21944,22197,22450,22703,22956,23209,23462,23715,23968,24221,24474,24727,24980,25233,25486,25739,25992,26245,26498,26751,27004,27257,27510,27763,28016,28269,28522,28775,29028,29281,29534,29787,30040,30293,30546,30799,31052,31305,31558,31811,-31945,-31692,-31439,-31186,-30933,-30680,-30427,-30174,-29921,-29668,-29415,-29162,-28909,-28656,-28403,-28150,-27897,-27644,-27391,-27138,-26885,-26632,-26379,-26126,-25873,-25620,-25367,-25114,-24861,-24608,-24355,-24102,-23849,-23596,-23343,-23090,-22837,-22584,-22331,-22078,-21825,-21572,-21319,-21066,-20813,-20560,-20307,-20054,-19801,-19548,-19295,-19042,-18789,-18536,-18283,-18030,-17777,-17524,-17271,-17018,-16765,-16512,-16259,-16006,-15753,-15500,-15247,-14994,-14741,-14488,-14235,-13982,-13729,-13476,-13223,-12970,-12717,-12464,-12211,-11958,-11705,-11452,-11199,-10946,-10693,-10440,-10187,-9934,-9681,-9428,-9175,-8922,-8669,-8416,-8163,-7910,-7657,-7404,-7151,-6898,-6645,-6392,-6139,-5886,-5633,-5380,-5127,-4874,-4621,-4368,-4115,-3862,-3609,-3356,-3103,-2850,-2597,-2344,-2091,-1838,-1585,-1332,-1079,-826,-573,-320,-67
187,440,693,946,1199,1452,1705,1958,2211,2464,2717,2970,3223,3476,3729,3982,4235,4488,4741,4994,5247,5500,5753,6006,6259,6512,6765,7018,7271,7524,7777,8030,8283,8536,8789,9042,9295,9548,9801,10054,10307,10560,10813,11066,11319,11572,11825,12078,12331,12584,12837,13090,13343,13596,13849,14102,14355,14608,14861,15114,15367,15620,15873,16126,16379,16632,16698,16885,17138,17391,17644,17897,18150,18403,18656,18909,19162,19415,19668,19921,20174,20427,20680,20933,21186,21439,21692,21945,22198,22451,22704,22957,23210,23463,23716,23969,24222,24475,24728,24981,25234,25487,25740,25993,26246,26499,26752,27005,27258,27511,27764,28017,28270,28523,28776,29029,29282,29535,29788,30041,30294,30547,30800,31053,31306,31559,31812,-31944,-31691,-31438,-31185,-30932,-30679,-30426,-30173,-29920,-29667,-29414,-29161,-28908,-28655,-28402,-28149,-27896,-27643,-27390,-27137,-26884,-26631,-26378,-26125,-25872,-25619,-25366,-25113,-24860,-24607,-24354,-24101,-23848,-23595,-23342,-23089,-22836,-22583,-22330,-22077,-21824,-21571,-21318,-21065,-20812,-20559,-20306,-20053,-19800,-19547,-19294,-19041,-18788,-18535,-18282,-18029,-17776,-17523,-17270,-17017,-16764,-16511,-16258,-16005,-15752,-15499,-15246,-14993,-14740,-14487,-14234,-13981,-13728,-13475,-13222,-12969,-12716,-12463,-12210,-11957,-11704,-11451,-11198,-10945,-10692,-10439,-10186,-9933,-9680,-9427,-9174,-8921,-8668,-8415,-8162,-7909,-7656,-7403,-7150,-6897,-6644,-6391,-6138,-5885,-5632,-5379,-5126,-4873,-4620,-4367,-4114,-3861,-3608,-3355,-3102,-2849,-2596,-2343,-2090,-1837,-1584,-1331,-1078,-825,-572,-319,-66
188,441,694,947,1200,1453,1706,1959,2212,2465,2718,2971,3224,3477,3730,3983,4236,4489,4742,4995,5248,5501,5754,6007,6260,6513,6766,7019,7272,7525,7778,8031,8284,8537,8790,9043,9296,9549,9802,10055,10308,10561,10814,11067,11320,11573,11826,12079,12332,12585,12838,13091,13344,13597,13850,14103,14356,14609,14862,15115,15368,15621,15874,16127,16380,16445,16633,16886,17139,17392,17645,17898,18151,18404,18657,18910,19163,19416,19669,19922,20175,20428,20681,20934,21187,21440,21693,21946,22199,22452,22705,22958,23211,23464,23717,23970,24223,24476,24729,24982,25235,25488,25741,25994,26247,26500,26753,27006,27259,27512,27765,28018,28271,28524,28777,29030,29283,29536,29789,30042,30295,30548,30801,31054,31307,31560,31813,-31943,-31690,-31437,-31184,-30931,-30678,-30425,-30172,-29919,-29666,-29413,-29160,-28907,-28654,-28401,-28148,-27895,-27642,-27389,-27136,-26883,-26630,-26377,-26124,-25871,-25618,-25365,-25112,-24859,-24606,-24353,-24100,-23847,-23594,-23341,-23088,-22835,-22582,-22329,-22076,-21823,-21570,-21317,-21064,-20811,-20558,-20305,-20052,-19799,-19546,-19293,-19040,-18787,-18534,-18281,-18028,-17775,-17522,-17269,-17016,-16763,-16510,-16257,-16004,-15751,-15498,-15245,-14992,-14739,-14486,-14233,-13980,-13727,-13474,-13221,-12968,-12715,-12462,-12209,-11956,-11703,-11450,-11197,-10944,-10691,-10438,-10185,-9932,-9679,-9426,-9173,-8920,-8667,-8414,-8161,-7908,-7655,-7402,-7149,-6896,-6643,-6390,-6137,-5884,-5631,-5378,-5125,-4872,-4619,-4366,-4113,-3860,-3607,-3354,-3101,-2848,-2595,-2342,-2089,-1836,-1583,-1330,-1077,-824,-571,-318,-65
189,442,695,948,1201,1454,1707,1960,2213,2466,2719,2972,3225,3478,3731,3984,4237,4490,4743,4996,5249,5502,5755,6008,6261,6514,6767,7020,7273,7526,7779,8032,8285,8538,8791,9044,9297,9550,9803,10056,10309,10562,10815,11068,11321,11574,11827,12080,12333,12586,12839,13092,13345,13598,13851,14104,14357,14610,14863,15116,15369,15622,15875,16128,16192,16381,16634,16887,17140,17393,17646,17899,18152,18405,18658,18911,19164,19417,19670,19923,20176,20429,20682,20935,21188,21441,21694,21947,22200,22453,22706,22959,23212,23465,23718,23971,24224,24477,24730,24983,25236,25489,25742,25995,26248,26501,26754,27007,27260,27513,27766,28019,28272,28525,28778,29031,29284,29537,29790,30043,30296,30549,30802,31055,31308,31561,31814,-31942,-31689,-31436,-31183,-30930,-30677,-30424,-30171,-29918,-29665,-29412,-29159,-28906,-28653,-28400,-28147,-27894,-27641,-27388,-27135,-26882,-26629,-26376,-26123,-25870,-25617,-25364,-25111,-24858,-24605,-24352,-24099,-23846,-23593,-23340,-23087,-22834,-22581,-22328,-22075,-21822,-21569,-21316,-21063,-20810,-20557,-20304,-20051,-19798,-19545,-19292,-19039,-18786,-18533,-18280,-18027,-17774,-17521,-17268,-17015,-16762,-16509,-16256,-16003,-15750,-15497,-15244,-14991,-14738,-14485,-14232,-13979,-13726,-13473,-13220,-12967,-12714,-12461,-12208,-11955,-11702,-11449,-11196,-10943,-10690,-10437,-10184,-9931,-9678,-9425,-9172,-8919,-8666,-8413,-8160,-7907,-7654,-7401,-7148,-6895,-6642,-6389,-6136,-5883,-5630,-5377,-5124,-4871,-4618,-4365,-4112,-3859,-3606,-3353,-3100,-2847,-2594,-2341,-2088,-1835,-1582,-1329,-1076,-823,-570,-317,-64
190,443,696,949,1202,1455,1708,1961,2214,2467,2720,2973,3226,3479,3732,3985,4238,4491,4744,4997,5250,5503,5756,6009,6262,6515,6768,7021,7274,7527,7780,8033,8286,8539,8792,9045,9298,9551,9804,10057,10310,10563,10816,11069,11322,11575,11828,12081,12334,12587,12840,13093,13346,13599,13852,14105,14358,14611,14864,15117,15370,15623,15876,15939,16129,16382,16635,16888,17141,17394,17647,17900,18153,18406,18659,18912,19165,19418,19671,19924,20177,20430,20683,20936,21189,21442,21695,21948,22201,22454,22707,22960,23213,23466,23719,23972,24225,24478,24731,24984,25237,25490,25743,25996,26249,26502,26755,27008,27261,27514,27767,28020,28273,28526,28779,29032,29285,29538,29791,30044,30297,30550,30803,31056,31309,31562,31815,-31941,-31688,-31435,-31182,-30929,-30676,-30423,-30170,-29917,-29664,-29411,-29158,-28905,-28652,-28399,-28146,-27893,-27640,-27387,-27134,-26881,-26628,-26375,-26122,-25869,-25616,-25363,-25110,-24857,-24604,-24351,-24098,-23845,-23592,-23339,-23086,-22833,-22580,-22327,-22074,-21821,-21568,-21315,-21062,-20809,-20556,-20303,-20050,-19797,-19544,-19291,-19038,-18785,-18532,-18279,-18026,-17773,-17520,-17267,-17014,-16761,-16508,-16255,-16002,-15749,-15496,-15243,-14990,-14737,-14484,-14231,-13978,-13725,-13472,-13219,-12966,-12713,-12460,-12207,-11954,-11701,-11448,-11195,-10942,-10689,-10436,-10183,-9930,-9677,-9424,-9171,-8918,-8665,-8412,-8159,-7906,-7653,-7400,-7147,-6894,-6641,-6388,-6135,-5882,-5629,-5376,-5123,-4870,-4617,-4364,-4111,-3858,-3605,-3352,-3099,-2846,-2593,-2340,-2087,-1834,-1581,-1328,-1075,-822,-569,-316,-63
191,444,697,950,1203,1456,1709,1962,2215,2468,2721,2974,3227,3480,3733,3986,4239,4492,4745,4998,5251,5504,5757,6010,6263,6516,6769,7022,7275,7528,7781,8034,8287,8540,8793,9046,9299,9552,9805,10058,10311,10564,10817,11070,11323,11576,11829,12082,12335,12588,12841,13094,13347,13600,13853,14106,14359,14612,14865,15118,15371,15624,15686,15877,16130,16383,16636,16889,17142,17395,17648,17901,18154,18407,18660,18913,19166,19419,19672,19925,20178,20431,20684,20937,21190,21443,21696,21949,22202,22455,22708,22961,23214,23467,23720,23973,24226,24479,24732,24985,25238,25491,25744,25997,26250,26503,26756,27009,27262,27515,27768,28021,28274,28527,28780,29033,29286,29539,29792,30045,30298,30551,30804,31057,31310,31563,31816,-31940,-31687,-31434,-31181,-30928,-30675,-30422,-30169,-29916,-29663,-29410,-29157,-28904,-28651,-28398,-28145,-27892,-27639,-27386,-27133,-26880,-26627,-26374,-26121,-25868,-25615,-25362,-25109,-24856,-24603,-24350,-24097,-23844,-23591,-23338,-23085,-22832,-22579,-22326,-22073,-21820,-21567,-21314,-21061,-20808,-20555,-20302,-20049,-19796,-19543,-19290,-19037,-18784,-18531,-18278,-18025,-17772,-17519,-17266,-17013,-16760,-16507,-16254,-16001,-15748,-15495,-15242,-14989,-14736,-14483,-14230,-13977,-13724,-13471,-13218,-12965,-12712,-12459,-12206,-11953,-11700,-11447,-11194,-10941,-10688,-10435,-10182,-9929,-9676,-9423,-9170,-8917,-8664,-8411,-8158,-7905,-7652,-7399,-7146,-6893,-6640,-6387,-6134,-5881,-5628,-5375,-5122,-4869,-4616,-4363,-4110,-3857,-3604,-3351,-3098,-2845,-2592,-2339,-2086,-1833,-1580,-1327,-1074,-821,-568,-315,-62
192,445,698,951,1204,1457,1710,1963,2216,2469,2722,2975,3228,3481,3734,3987,4240,4493,4746,4999,5252,5505,5758,6011,6264,6517,6770,7023,7276,7529,7782,8035,8288,8541,8794,9047,9300,9553,9806,10059,10312,10565,10818,11071,11324,11577,11830,12083,12336,12589,12842,13095,13348,13601,13854,14107,14360,14613,14866,15119,15372,15433,15625,15878,16131,16384,16637,16890,17143,17396,17649,17902,18155,18408,18661,18914,19167,19420,19673,19926,20179,20432,20685,20938,21191,21444,21697,21950,22203,22456,22709,22962,23215,23468,23721,23974,24227,24480,24733,24986,25239,25492,25745,25998,26251,26504,26757,27010,27263,27516,27769,28022,28275,28528,28781,29034,29287,29540,29793,30046,30299,30552,30805,31058,31311,31564,31817,-31939,-31686,-31433,-31180,-30927,-30674,-30421,-30168,-29915,-29662,-29409,-29156,-28903,-28650,-28397,-28144,-27891,-27638,-27385,-27132,-26879,-26626,-26373,-26120,-25867,-25614,-25361,-25108,-24855,-24602,-24349,-24096,-23843,-23590,-23337,-23084,-22831,-22578,-22325,-22072,-21819,-21566,-21313,-21060,-20807,-20554,-20301,-20048,-19795,-19542,-19289,-19036,-18783,-18530,-18277,-18024,-17771,-17518,-17265,-17012,-16759,-16506,-16253,-16000,-15747,-15494,-15241,-14988,-14735,-14482,-14229,-13976,-13723,-13470,-13217,-12964,-12711,-12458,-12205,-11952,-11699,-11446,-11193,-10940,-10687,-10434,-10181,-9928,-9675,-9422,-9169,-8916,-8663,-8410,-8157,-7904,-7651,-7398,-7145,-6892,-6639,-6386,-6133,-5880,-5627,-5374,-5121,-4868,-4615,-4362,-4109,-3856,-3603,-3350,-3097,-2844,-2591,-2338,-2085,-1832,-1579,-1326,-1073,-820,-567,-314,-61
193,446,699,952,1205,1458,1711,1964,2217,2470,2723,2976,3229,3482,3735,3988,4241,4494,4747,5000,5253,5506,5759,6012,6265,6518,6771,7024,7277,7530,7783,8036,8289,8542,8795,9048,9301,9554,9807,10060,10313,10566,10819,11072,11325,11578,11831,12084,12337,12590,12843,13096,13349,13602,13855,14108,14361,14614,14867,15120,15180,15373,15626,15879,16132,16385,16638,16891,17144,17397,17650,17903,18156,18409,18662,18915,19168,19421,19674,19927,20180,20433,20686,20939,21192,21445,21698,21951,22204,22457,22710,22963,23216,23469,23722,23975,24228,24481,24734,24987,25240,25493,25746,25999,26252,26505,26758,27011,27264,27517,27770,28023,28276,28529,28782,29035,29288,29541,29794,30047,30300,30553,30806,31059,31312,31565,31818,-31938,-31685,-31432,-31179,-30926,-30673,-30420,-30167,-29914,-29661,-29408,-29155,-28902,-28649,-28396,-28143,-27890,-27637,-27384,-27131,-26878,-26625,-26372,-26119,-25866,-25613,-25360,-25107,-24854,-24601,-24348,-24095,-23842,-23589,-23336,-23083,-22830,-22577,-22324,-22071,-21818,-21565,-21312,-21059,-20806,-20553,-20300,-20047,-19794,-19541,-19288,-19035,-18782,-18529,-18276,-18023,-17770,-17517,-17264,-17011,-16758,-16505,-16252,-15999,-15746,-15493,-15240,-14987,-14734,-14481,-14228,-13975,-13722,-13469,-13216,-12963,-12710,-12457,-12204,-11951,-11698,-11445,-11192,-10939,-10686,-10433,-10180,-9927,-9674,-9421,-9168,-8915,-8662,-8409,-8156,-7903,-7650,-7397,-7144,-6891,-6638,-6385,-6132,-5879,-5626,-5373,-5120,-4867,-4614,-4361,-4108,-3855,-3602,-3349,-3096,-2843,-2590,-2337,-2084,-1831,-1578,-1325,-1072,-819,-566,-313,-60
194,447,700,953,1206,1459,1712,1965,2218,2471,2724,2977,3230,3483,3736,3989,4242,4495,4748,5001,5254,5507,5760,6013,6266,6519,6772,7025,7278,7531,7784,8037,8290,8543,8796,9049,9302,9555,9808,10061,10314,10567,10820,11073,11326,11579,11832,12085,12338,12591,12844,13097,13350,13603,13856,14109,14362,14615,14868,14927,15121,15374,15627,15880,16133,16386,16639,16892,17145,17398,17651,17904,18157,18410,18663,18916,19169,19422,19675,19928,20181,20434,20687,20940,21193,21446,21699,21952,22205,22458,22711,22964,23217,23470,23723,23976,24229,24482,24735,24988,25241,25494,25747,26000,26253,26506,26759,27012,27265,27518,27771,28024,28277,28530,28783,29036,29289,29542,29795,30048,30301,30554,30807,31060,31313,31566,31819,-31937,-31684,-31431,-31178,-30925,-30672,-30419,-30166,-29913,-29660,-29407,-29154,-28901,-28648,-28395,-28142,-27889,-27636,-27383,-27130,-26877,-26624,-26371,-26118,-25865,-25612,-25359,-25106,-24853,-24600,-24347,-24094,-23841,-23588,-23335,-23082,-22829,-22576,-22323,-22070,-21817,-21564,-21311,-21058,-20805,-20552,-20299,-20046,-19793,-19540,-19287,-19034,-18781,-18528,-18275,-18022,-17769,-17516,-17263,-17010,-16757,-16504,-16251,-15998,-15745,-15492,-15239,-14986,-14733,-14480,-14227,-13974,-13721,-13468,-13215,-12962,-12709,-12456,-12203,-11950,-11697,-11444,-11191,-10938,-10685,-10432,-10179,-9926,-9673,-9420,-9167,-8914,-8661,-8408,-8155,-7902,-7649,-7396,-7143,-6890,-6637,-6384,-6131,-5878,-5625,-5372,-5119,-4866,-4613,-4360,-4107,-3854,-3601,-3348,-3095,-2842,-2589,-2336,-2083,-1830,-1577,-1324,-1071,-818,-565,-312,-59
195,448,701,954,1207,1460,1713,1966,2219,2472,2725,2978,3231,3484,3737,3990,4243,4496,4749,5002,5255,5508,5761,6014,6267,6520,6773,7026,7279,7532,7785,8038,8291,8544,8797,9050,9303,9556,9809,10062,10315,10568,10821,11074,11327,11580,11833,12086,12339,12592,12845,13098,13351,13604,13857,14110,14363,14616,14674,14869,15122,15375,15628,15881,16134,16387,16640,16893,17146,17399,17652,17905,18158,18411,18664,18917,19170,19423,19676,19929,20182,20435,20688,20941,21194,21447,21700,21953,22206,22459,22712,22965,23218,23471,23724,23977,24230,24483,24736,24989,25242,25495,25748,26001,26254,26507,26760,27013,27266,27519,27772,28025,28278,28531,28784,29037,29290,29543,29796,30049,30302,30555,30808,31061,31314,31567,31820,-31936,-31683,-31430,-31177,-30924,-30671,-30418,-30165,-29912,-29659,-29406,-29153,-28900,-28647,-28394,-28141,-27888,-27635,-27382,-27129,-26876,-26623,-26370,-26117,-25864,-25611,-25358,-25105,-24852,-24599,-24346,-24093,-23840,-23587,-23334,-23081,-22828,-22575,-22322,-22069,-21816,-21563,-21310,-21057,-20804,-20551,-20298,-20045,-19792,-19539,-19286,-19033,-18780,-18527,-18274,-18021,-17768,-17515,-17262,-17009,-16756,-16503,-16250,-15997,-15744,-15491,-15238,-14985,-14732,-14479,-14226,-13973,-13720,-13467,-13214,-12961,-12708,-12455,-12202,-11949,-11696,-11443,-11190,-10937,-10684,-10431,-10178,-9925,-9672,-9419,-9166,-8913,-8660,-8407,-8154,-7901,-7648,-7395,-7142,-6889,-6636,-6383,-6130,-5877,-5624,-5371,-5118,-4865,-4612,-4359,-4106,-3853,-3600,-3347,-3094,-2841,-2588,-2335,-2082,-1829,-1576,-1323,-1070,-817,-564,-311,-58
196,449,702,955,1208,1461,1714,1967,2220,2473,2726,2979,3232,3485,3738,3991,4244,4497,4750,5003,5256,5509,5762,6015,6268,6521,6774,7027,7280,7533,7786,8039,8292,8545,8798,9051,9304,9557,9810,10063,10316,10569,10822,11075,11328,11581,11834,12087,12340,12593,12846,13099,13352,13605,13858,14111,14364,14421,14617,14870,15123,15376,15629,15882,16135,16388,16641,16894,17147,17400,17653,17906,18159,18412,18665,18918,19171,19424,19677,19930,20183,20436,20689,20942,21195,21448,21701,21954,22207,22460,22713,22966,23219,23472,23725,23978,24231,24484,24737,24990,25243,25496,25749,26002,26255,26508,26761,27014,27267,27520,27773,28026,28279,28532,28785,29038,29291,29544,29797,30050,30303,30556,30809,31062,31315,31568,31821,-31935,-31682,-31429,-31176,-30923,-30670,-30417,-30164,-29911,-29658,-29405,-29152,-28899,-28646,-28393,-28140,-27887,-27634,-27381,-27128,-26875,-26622,-26369,-26116,-25863,-25610,-25357,-25104,-24851,-24598,-24345,-24092,-23839,-23586,-23333,-23080,-22827,-22574,-22321,-22068,-21815,-21562,-21309,-21056,-20803,-20550,-20297,-20044,-19791,-19538,-19285,-19032,-18779,-18526,-18273,-18020,-17767,-17514,-17261,-17008,-16755,-16502,-16249,-15996,-15743,-15490,-15237,-14984,-14731,-14478,-14225,-13972,-13719,-13466,-13213,-12960,-12707,-12454,-12201,-11948,-11695,-11442,-11189,-10936,-10683,-10430,-10177,-9924,-9671,-9418,-9165,-8912,-8659,-8406,-8153,-7900,-7647,-7394,-7141,-6888,-6635,-6382,-6129,-5876,-5623,-5370,-5117,-4864,-4611,-4358,-4105,-3852,-3599,-3346,-3093,-2840,-2587,-2334,-2081,-1828,-1575,-1322,-1069,-816,-563,-310,-57
197,450,703,956,1209,1462,1715,1968,2221,2474,2727,2980,3233,3486,3739,3992,4245,4498,4751,5004,5257,5510,5763,6016,6269,6522,6775,7028,7281,7534,7787,8040,8293,8546,8799,9052,9305,9558,9811,10064,10317,10570,10823,11076,11329,11582,11835,12088,12341,12594,12847,13100,13353,13606,13859,14112,14168,14365,14618,14871,15124,15377,15630,15883,16136,16389,16642,16895,17148,17401,17654,17907,18160,18413,18666,18919,19172,19425,19678,19931,20184,20437,20690,20943,21196,21449,21702,21955,22208,22461,22714,22967,23220,23473,23726,23979,24232,24485,24738,24991,25244,25497,25750,26003,26256,26509,26762,27015,27268,27521,27774,28027,28280,28533,28786,29039,29292,29545,29798,30051,30304,30557,30810,31063,31316,31569,31822,-31934,-31681,-31428,-31175,-30922,-30669,-30416,-30163,-29910,-29657,-29404,-29151,-28898,-28645,-28392,-28139,-27886,-27633,-27380,-27127,-26874,-26621,-26368,-26115,-25862,-25609,-25356,-25103,-24850,-24597,-24344,-24091,-23838,-23585,-23332,-23079,-22826,-22573,-22320,-22067,-21814,-21561,-21308,-21055,-20802,-20549,-20296,-20043,-19790,-19537,-19284,-19031,-18778,-18525,-18272,-18019,-17766,-17513,-17260,-17007,-16754,-16501,-16248,-15995,-15742,-15489,-15236,-14983,-14730,-14477,-14224,-13971,-13718,-13465,-13212,-12959,-12706,-12453,-12200,-11947,-11694,-11441,-11188,-10935,-10682,-10429,-10176,-9923,-9670,-9417,-9164,-8911,-8658,-8405,-8152,-7899,-7646,-7393,-7140,-6887,-6634,-6381,-6128,-5875,-5622,-5369,-5116,-4863,-4610,-4357,-4104,-3851,-3598,-3345,-3092,-2839,-2586,-2333,-2080,-1827,-1574,-1321,-1068,-815,-562,-309,-56
198,451,704,957,1210,1463,1716,1969,2222,2475,2728,2981,3234,3487,3740,3993,4246,4499,4752,5005,5258,5511,5764,6017,6270,6523,6776,7029,7282,7535,7788,8041,8294,8547,8800,9053,9306,9559,9812,10065,10318,10571,10824,11077,11330,11583,11836,12089,12342,12595,12848,13101,13354,13607,13860,13915,14113,14366,14619,14872,15125,15378,15631,15884,16137,16390,16643,16896,17149,17402,17655,17908,18161,18414,18667,18920,19173,19426,19679,19932,20185,20438,20691,20944,21197,21450,21703,21956,22209,22462,22715,22968,23221,23474,23727,23980,24233,24486,24739,24992,25245,25498,25751,26004,26257,26510,26763,27016,27269,27522,27775,28028,28281,28534,28787,29040,29293,29546,29799,30052,30305,30558,30811,31064,31317,31570,31823,-31933,-31680,-31427,-31174,-30921,-30668,-30415,-30162,-29909,-29656,-29403,-29150,-28897,-28644,-28391,-28138,-27885,-27632,-27379,-27126,-26873,-26620,-26367,-26114,-25861,-25608,-25355,-25102,-24849,-24596,-24343,-24090,-23837,-23584,-23331,-23078,-22825,-22572,-22319,-22066,-21813,-21560,-21307,-21054,-20801,-20548,-20295,-20042,-19789,-19536,-19283,-19030,-18777,-18524,-18271,-18018,-17765,-17512,-17259,-17006,-16753,-16500,-16247,-15994,-15741,-15488,-15235,-14982,-14729,-14476,-14223,-13970,-13717,-13464,-13211,-12958,-12705,-12452,-12199,-11946,-11693,-11440,-11187,-10934,-10681,-10428,-10175,-9922,-9669,-9416,-9163,-8910,-8657,-8404,-8151,-7898,-7645,-7392,-7139,-6886,-6633,-6380,-6127,-5874,-5621,-5368,-5115,-4862,-4609,-4356,-4103,-3850,-3597,-3344,-3091,-2838,-2585,-2332,-2079,-1826,-1573,-1320,-1067,-814,-561,-308,-55
199,452,705,958,1211,1464,1717,1970,2223,2476,2729,2982,3235,3488,3741,3994,4247,4500,4753,5006,5259,5512,5765,6018,6271,6524,6777,7030,7283,7536,7789,8042,8295,8548,8801,9054,9307,9560,9813,10066,10319,10572,10825,11078,11331,11584,11837,12090,12343,12596,12849,13102,13355,13608,13662,13861,14114,14367,14620,14873,15126,15379,15632,15885,16138,16391,16644,16897,17150,17403,17656,17909,18162,18415,18668,18921,19174,19427,19680,19933,20186,20439,20692,20945,21198,21451,21704,21957,22210,22463,22716,22969,23222,23475,23728,23981,24234,24487,24740,24993,25246,25499,25752,26005,26258,26511,26764,27017,27270,27523,27776,28029,28282,28535,28788,29041,29294,29547,29800,30053,30306,30559,30812,31065,31318,31571,31824,-31932,-31679,-31426,-31173,-30920,-30667,-30414,-30161,-29908,-29655,-29402,-29149,-28896,-28643,-28390,-28137,-27884,-27631,-27378,-27125,-26872,-26619,-26366,-26113,-25860,-25607,-25354,-25101,-24848,-24595,-24342,-24089,-23836,-23583,-23330,-23077,-22824,-22571,-22318,-22065,-21812,-21559,-21306,-21053,-20800,-20547,-20294,-20041,-19788,-19535,-19282,-19029,-18776,-18523,-18270,-18017,-17764,-17511,-17258,-17005,-16752,-16499,-16246,-15993,-15740,-15487,-15234,-14981,-14728,-14475,-14222,-13969,-13716,-13463,-13210,-12957,-12704,-12451,-12198,-11945,-11692,-11439,-11186,-10933,-10680,-10427,-10174,-9921,-9668,-9415,-9162,-8909,-8656,-8403,-8150,-7897,-7644,-7391,-7138,-6885,-6632,-6379,-6126,-5873,-5620,-5367,-5114,-4861,-4608,-4355,-4102,-3849,-3596,-3343,-3090,-2837,-2584,-2331,-2078,-1825,-1572,-1319,-1066,-813,-560,-307,-54
200,453,706,959,1212,1465,1718,1971,2224,2477,2730,2983,3236,3489,3742,3995,4248,4501,4754,5007,5260,5513,5766,6019,6272,6525,6778,7031,7284,7537,7790,8043,8296,8549,8802,9055,9308,9561,9814,10067,10320,10573,10826,11079,11332,11585,11838,12091,12344,12597,12850,13103,13356,13409,13609,13862,14115,14368,14621,14874,15127,15380,15633,15886,16139,16392,16645,16898,17151,17404,17657,17910,18163,18416,18669,18922,19175,19428,19681,19934,20187,20440,20693,20946,21199,21452,21705,21958,22211,22464,22717,22970,23223,23476,23729,23982,24235,24488,24741,24994,25247,25500,25753,26006,26259,26512,26765,27018,27271,27524,27777,28030,28283,28536,28789,29042,29295,29548,29801,30054,30307,30560,30813,31066,31319,31572,31825,-31931,-31678,-31425,-31172,-30919,-30666,-30413,-30160,-29907,-29654,-29401,-29148,-28895,-28642,-28389,-28136,-27883,-27630,-27377,-27124,-26871,-26618,-26365,-26112,-25859,-25606,-25353,-25100,-24847,-24594,-24341,-24088,-23835,-23582,-23329,-23076,-22823,-22570,-22317,-22064,-21811,-21558,-21305,-21052,-20799,-20546,-20293,-20040,-19787,-19534,-19281,-19028,-18775,-18522,-18269,-18016,-17763,-17510,-17257,-17004,-16751,-16498,-16245,-15992,-15739,-15486,-15233,-14980,-14727,-14474,-14221,-13968,-13715,-13462,-13209,-12956,-12703,-12450,-12197,-11944,-11691,-11438,-11185,-10932,-10679,-10426,-10173,-9920,-9667,-9414,-9161,-8908,-8655,-8402,-8149,-7896,-7643,-7390,-7137,-6884,-6631,-6378,-6125,-5872,-5619,-5366,-5113,-4860,-4607,-4354,-4101,-3848,-3595,-3342,-3089,-2836,-2583,-2330,-2077,-1824,-1571,-1318,-1065,-812,-559,-306,-53
201,454,707,960,1213,1466,1719,1972,2225,2478,2731,2984,3237,3490,3743,3996,4249,4502,4755,5008,5261,5514,5767,6020,6273,6526,6779,7032,7285,7538,7791,8044,8297,8550,8803,9056,9309,9562,9815,10068,10321,10574,10827,11080,11333,11586,11839,12092,12345,12598,12851,13104,13156,13357,13610,13863,14116,14369,14622,14875,15128,15381,15634,15887,16140,16393,16646,16899,17152,17405,17658,17911,18164,18417,18670,18923,19176,19429,19682,19935,20188,20441,20694,20947,21200,21453,21706,21959,22212,22465,22718,22971,23224,23477,23730,23983,24236,24489,24742,24995,25248,25501,25754,26007,26260,26513,26766,27019,27272,27525,27778,28031,28284,28537,28790,29043,29296,29549,29802,30055,30308,30561,30814,31067,31320,31573,31826,-31930,-31677,-31424,-31171,-30918,-30665,-30412,-30159,-29906,-29653,-29400,-29147,-28894,-28641,-28388,-28135,-27882,-27629,-27376,-27123,-26870,-26617,-26364,-26111,-25858,-25605,-25352,-25099,-24846,-24593,-24340,-24087,-23834,-23581,-23328,-23075,-22822,-22569,-22316,-22063,-21810,-21557,-21304,-21051,-20798,-20545,-20292,-20039,-19786,-19533,-19280,-19027,-18774,-18521,-18268,-18015,-17762,-17509,-17256,-17003,-16750,-16497,-16244,-15991,-15738,-15485,-15232,-14979,-14726,-14473,-14220,-13967,-13714,-13461,-13208,-12955,-12702,-12449,-12196,-11943,-11690,-11437,-11184,-10931,-10678,-10425,-10172,-9919,-9666,-9413,-9160,-8907,-8654,-8401,-8148,-7895,-7642,-7389,-7136,-6883,-6630,-6377,-6124,-5871,-5618,-5365,-5112,-4859,-4606,-4353,-4100,-3847,-3594,-3341,-3088,-2835,-2582,-2329,-2076,-1823,-1570,-1317,-1064,-811,-558,-305,-52
202,455,708,961,1214,1467,1720,1973,2226,2479,2732,2985,3238,3491,3744,3997,4250,4503,4756,5009,5262,5515,5768,6021,6274,6527,6780,7033,7286,7539,7792,8045,8298,8551,8804,9057,9310,9563,9816,10069,10322,10575,10828,11081,11334,11587,11840,12093,12346,12599,12852,12903,13105,13358,13611,13864,14117,14370,14623,14876,15129,15382,15635,15888,16141,16394,16647,16900,17153,17406,17659,17912,18165,18418,18671,18924,19177,19430,19683,19936,20189,20442,20695,20948,21201,21454,21707,21960,22213,22466,22719,22972,23225,23478,23731,23984,24237,24490,24743,24996,25249,25502,25755,26008,26261,26514,26767,27020,27273,27526,27779,28032,28285,28538,28791,29044,29297,29550,29803,30056,30309,30562,30815,31068,31321,31574,31827,-31929,-31676,-31423,-31170,-30917,-30664,-30411,-30158,-29905,-29652,-29399,-29146,-28893,-28640,-28387,-28134,-27881,-27628,-27375,-27122,-26869,-26616,-26363,-26110,-25857,-25604,-25351,-25098,-24845,-24592,-24339,-24086,-23833,-23580,-23327,-23074,-22821,-22568,-22315,-22062,-21809,-21556,-21303,-21050,-20797,-20544,-20291,-20038,-19785,-19532,-19279,-19026,-18773,-18520,-18267,-18014,-17761,-17508,-17255,-17002,-16749,-16496,-16243,-15990,-15737,-15484,-15231,-14978,-14725,-14472,-14219,-13966,-13713,-13460,-13207,-12954,-12701,-12448,-12195,-11942,-11689,-11436,-11183,-10930,-10677,-10424,-10171,-9918,-9665,-9412,-9159,-8906,-8653,-8400,-8147,-7894,-7641,-7388,-7135,-6882,-6629,-6376,-6123,-5870,-5617,-5364,-5111,-4858,-4605,-4352,-4099,-3846,-3593,-3340,-3087,-2834,-2581,-2328,-2075,-1822,-1569,-1316,-1063,-810,-557,-304,-51
203,456,709,962,1215,1468,1721,1974,2227,2480,2733,2986,3239,3492,3745,3998,4251,4504,4757,5010,5263,5516,5769,6022,6275,6528,6781,7034,7287,7540,7793,8046,8299,8552,8805,9058,9311,9564,9817,10070,10323,10576,10829,11082,11335,11588,11841,12094,12347,12600,12650,12853,13106,13359,13612,13865,14118,14371,14624,14877,15130,15383,15636,15889,16142,16395,16648,16901,17154,17407,17660,17913,18166,18419,18672,18925,19178,19431,19684,19937,20190,20443,20696,20949,21202,21455,21708,21961,22214,22467,22720,22973,23226,23479,23732,23985,24238,24491,24744,24997,25250,25503,25756,26009,26262,26515,26768,27021,27274,27527,27780,28033,28286,28539,28792,29045,29298,29551,29804,30057,30310,30563,30816,31069,31322,31575,31828,-31928,-31675,-31422,-31169,-30916,-30663,-30410,-30157,-29904,-29651,-29398,-29145,-28892,-28639,-28386,-28133,-27880,-27627,-27374,-27121,-26868,-26615,-26362,-26109,-25856,-25603,-25350,-25097,-24844,-24591,-24338,-24085,-23832,-23579,-23326,-23073,-22820,-22567,-22314,-22061,-21808,-21555,-21302,-21049,-20796,-20543,-20290,-20037,-19784,-19531,-19278,-19025,-18772,-18519,-18266,-18013,-17760,-17507,-17254,-17001,-16748,-16495,-16242,-15989,-15736,-15483,-15230,-14977,-14724,-14471,-14218,-13965,-13712,-13459,-13206,-12953,-12700,-12447,-12194,-11941,-11688,-11435,-11182,-10929,-10676,-10423,-10170,-9917,-9664,-9411,-9158,-8905,-8652,-8399,-8146,-7893,-7640,-7387,-7134,-6881,-6628,-6375,-6122,-5869,-5616,-5363,-5110,-4857,-4604,-4351,-4098,-3845,-3592,-3339,-3086,-2833,-2580,-2327,-2074,-1821,-1568,-1315,-1062,-809,-556,-303,-50
204,457,710,963,1216,1469,1722,1975,2228,2481,2734,2987,3240,3493,3746,3999,4252,4505,4758,5011,5264,5517,5770,6023,6276,6529,6782,7035,7288,7541,7794,8047,8300,8553,8806,9059,9312,9565,9818,10071,10324,10577,10830,11083,11336,11589,11842,12095,12348,12397,12601,12854,13107,13360,13613,13866,14119,14372,14625,14878,15131,15384,15637,15890,16143,16396,16649,16902,17155,17408,17661,17914,18167,18420,18673,18926,19179,19432,19685,19938,20191,20444,20697,20950,21203,21456,21709,21962,22215,22468,22721,22974,23227,23480,23733,23986,24239,24492,24745,24998,25251,25504,25757,26010,26263,26516,26769,27022,27275,27528,27781,28034,28287,28540,28793,29046,29299,29552,29805,30058,30311,30564,30817,31070,31323,31576,31829,-31927,-31674,-31421,-31168,-30915,-30662,-30409,-30156,-29903,-29650,-29397,-29144,-28891,-28638,-28385,-28132,-27879,-27626,-27373,-27120,-26867,-26614,-26361,-26108,-25855,-25602,-25349,-25096,-24843,-24590,-24337,-24084,-23831,-23578,-23325,-23072,-22819,-22566,-22313,-22060,-21807,-21554,-21301,-21048,-20795,-20542,-20289,-20036,-19783,-19530,-19277,-19024,-18771,-18518,-18265,-18012,-17759,-17506,-17253,-17000,-16747,-16494,-16241,-15988,-15735,-15482,-15229,-14976,-14723,-14470,-14217,-13964,-13711,-13458,-13205,-12952,-12699,-12446,-12193,-11940,-11687,-11434,-11181,-10928,-10675,-10422,-10169,-9916,-9663,-9410,-9157,-8904,-8651,-8398,-8145,-7892,-7639,-7386,-7133,-6880,-6627,-6374,-6121,-5868,-5615,-5362,-5109,-4856,-4603,-4350,-4097,-3844,-3591,-3338,-3085,-2832,-2579,-2326,-2073,-1820,-1567,-1314,-1061,-808,-555,-302,-49
205,458,711,964,1217,1470,1723,1976,2229,2482,2735,2988,3241,3494,3747,4000,4253,4506,4759,5012,5265,5518,5771,6024,6277,6530,6783,7036,7289,7542,7795,8048,8301,8554,8807,9060,9313,9566,9819,10072,10325,10578,10831,11084,11337,11590,11843,12096,12144,12349,12602,12855,13108,13361,13614,13867,14120,14373,14626,14879,15132,15385,15638,15891,16144,16397,16650,16903,17156,17409,17662,17915,18168,18421,18674,18927,19180,19433,19686,19939,20192,20445,20698,20951,21204,21457,21710,21963,22216,22469,22722,22975,23228,23481,23734,23987,24240,24493,24746,24999,25252,25505,25758,26011,26264,26517,26770,27023,27276,27529,27782,28035,28288,28541,28794,29047,29300,29553,29806,30059,30312,30565,30818,31071,31324,31577,31830,-31926,-31673,-31420,-31167,-30914,-30661,-30408,-30155,-29902,-29649,-29396,-29143,-28890,-28637,-28384,-28131,-27878,-27625,-27372,-27119,-26866,-26613,-26360,-26107,-25854,-25601,-25348,-25095,-24842,-24589,-24336,-24083,-23830,-23577,-23324,-23071,-22818,-22565,-22312,-22059,-21806,-21553,-21300,-21047,-20794,-20541,-20288,-20035,-19782,-19529,-19276,-19023,-18770,-18517,-18264,-18011,-17758,-17505,-17252,-16999,-16746,-16493,-16240,-15987,-15734,-15481,-15228,-14975,-14722,-14469,-14216,-13963,-13710,-13457,-13204,-12951,-12698,-12445,-12192,-11939,-11686,-11433,-11180,-10927,-10674,-10421,-10168,-9915,-9662,-9409,-9156,-8903,-8650,-8397,-8144,-7891,-7638,-7385,-7132,-6879,-6626,-6373,-6120,-5867,-5614,-5361,-5108,-4855,-4602,-4349,-4096,-3843,-3590,-3337,-3084,-2831,-2578,-2325,-2072,-1819,-1566,-1313,-1060,-807,-554,-301,-48
206,459,712,965,1218,1471,1724,1977,2230,2483,2736,2989,3242,3495,3748,4001,4254,4507,4760,5013,5266,5519,5772,6025,6278,6531,6784,7037,7290,7543,7796,8049,8302,8555,8808,9061,9314,9567,9820,10073,10326,10579,10832,11085,11338,11591,11844,11891,12097,12350,12603,12856,13109,13362,13615,13868,14121,14374,14627,14880,15133,15386,15639,15892,16145,16398,16651,16904,17157,17410,17663,17916,18169,18422,18675,18928,19181,19434,19687,19940,20193,20446,20699,20952,21205,21458,21711,21964,22217,22470,22723,22976,23229,23482,23735,23988,24241,24494,24747,25000,25253,25506,25759,26012,26265,26518,26771,27024,27277,27530,27783,28036,28289,28542,28795,29048,29301,29554,29807,30060,30313,30566,30819,31072,31325,31578,31831,-31925,-31672,-31419,-31166,-30913,-30660,-30407,-30154,-29901,-29648,-29395,-29142,-28889,-28636,-28383,-28130,-27877,-27624,-27371,-27118,-26865,-26612,-26359,-26106,-25853,-25600,-25347,-25094,-24841,-24588,-24335,-24082,-23829,-23576,-23323,-23070,-22817,-22564,-22311,-22058,-21805,-21552,-21299,-21046,-20793,-20540,-20287,-20034,-19781,-19528,-19275,-19022,-18769,-18516,-18263,-18010,-17757,-17504,-17251,-16998,-16745,-16492,-16239,-15986,-15733,-15480,-15227,-14974,-14721,-14468,-14215,-13962,-13709,-13456,-13203,-12950,-12697,-12444,-12191,-11938,-11685,-11432,-11179,-10926,-10673,-10420,-10167,-9914,-9661,-9408,-9155,-8902,-8649,-8396,-8143,-7890,-7637,-7384,-7131,-6878,-6625,-6372,-6119,-5866,-5613,-5360,-5107,-4854,-4601,-4348,-4095,-3842,-3589,-3336,-3083,-2830,-2577,-2324,-2071,-1818,-1565,-1312,-1059,-806,-553,-300,-47
207,460,713,966,1219,1472,1725,1978,2231,2484,2737,2990,3243,3496,3749,4002,4255,4508,4761,5014,5267,5520,5773,6026,6279,6532,6785,7038,7291,7544,7797,8050,8303,8556,8809,9062,9315,9568,9821,10074,10327,10580,10833,11086,11339,11592,11638,11845,12098,12351,12604,12857,13110,13363,13616,13869,14122,14375,14628,14881,15134,15387,15640,15893,16146,16399,16652,16905,17158,17411,17664,17917,18170,18423,18676,18929,19182,19435,19688,19941,20194,20447,20700,20953,21206,21459,21712,21965,22218,22471,22724,22977,23230,23483,23736,23989,24242,24495,24748,25001,25254,25507,25760,26013,26266,26519,26772,27025,27278,27531,27784,28037,28290,28543,28796,29049,29302,29555,29808,30061,30314,30567,30820,31073,31326,31579,31832,-31924,-31671,-31418,-31165,-30912,-30659,-30406,-30153,-29900,-29647,-29394,-29141,-28888,-28635,-28382,-28129,-27876,-27623,-27370,-27117,-26864,-26611,-26358,-26105,-25852,-25599,-25346,-25093,-24840,-24587,-24334,-24081,-23828,-23575,-23322,-23069,-22816,-22563,-22310,-22057,-21804,-21551,-21298,-21045,-20792,-20539,-20286,-20033,-19780,-19527,-19274,-19021,-18768,-18515,-18262,-18009,-17756,-17503,-17250,-16997,-16744,-16491,-16238,-15985,-15732,-15479,-15226,-14973,-14720,-14467,-14214,-13961,-13708,-13455,-13202,-12949,-12696,-12443,-12190,-11937,-11684,-11431,-11178,-10925,-10672,-10419,-10166,-9913,-9660,-9407,-9154,-8901,-8648,-8395,-8142,-7889,-7636,-7383,-7130,-6877,-6624,-6371,-6118,-5865,-5612,-5359,-5106,-4853,-4600,-4347,-4094,-3841,-3588,-3335,-3082,-2829,-2576,-2323,-2070,-1817,-1564,-1311,-1058,-805,-552,-299,-46
208,461,714,967,1220,1473,1726,1979,2232,2485,2738,2991,3244,3497,3750,4003,4256,4509,4762,5015,5268,5521,5774,6027,6280,6533,6786,7039,7292,7545,7798,8051,8304,8557,8810,9063,9316,9569,9822,10075,10328,10581,10834,11087,11340,11385,11593,11846,12099,12352,12605,12858,13111,13364,13617,13870,14123,14376,14629,14882,15135,15388,15641,15894,16147,16400,16653,16906,17159,17412,17665,17918,18171,18424,18677,18930,19183,19436,19689,19942,20195,20448,20701,20954,21207,21460,21713,21966,22219,22472,22725,22978,23231,23484,23737,23990,24243,24496,24749,25002,25255,25508,25761,26014,26267,26520,26773,27026,27279,27532,27785,28038,28291,28544,28797,29050,29303,29556,29809,30062,30315,30568,30821,31074,31327,31580,31833,-31923,-31670,-31417,-31164,-30911,-30658,-30405,-30152,-29899,-29646,-29393,-29140,-28887,-28634,-28381,-28128,-27875,-27622,-27369,-27116,-26863,-26610,-26357,-26104,-25851,-25598,-25345,-25092,-24839,-24586,-24333,-24080,-23827,-23574,-23321,-23068,-22815,-22562,-22309,-22056,-21803,-21550,-21297,-21044,-20791,-20538,-20285,-20032,-19779,-19526,-19273,-19020,-18767,-18514,-18261,-18008,-17755,-17502,-17249,-16996,-16743,-16490,-16237,-15984,-15731,-15478,-15225,-14972,-14719,-14466,-14213,-13960,-13707,-13454,-13201,-12948,-12695,-12442,-12189,-11936,-11683,-11430,-11177,-10924,-10671,-10418,-10165,-9912,-9659,-9406,-9153,-8900,-8647,-8394,-8141,-7888,-7635,-7382,-7129,-6876,-6623,-6370,-6117,-5864,-5611,-5358,-5105,-4852,-4599,-4346,-4093,-3840,-3587,-3334,-3081,-2828,-2575,-2322,-2069,-1816,-1563,-1310,-1057,-804,-551,-298,-45
209,462,715,968,1221,1474,1727,1980,2233,2486,2739,2992,3245,3498,3751,4004,4257,4510,4763,5016,5269,5522,5775,6028,6281,6534,6787,7040,7293,7546,7799,8052,8305,8558,8811,9064,9317,9570,9823,10076,10329,10582,10835,11088,11132,11341,11594,11847,12100,12353,12606,12859,13112,13365,13618,13871,14124,14377,14630,14883,15136,15389,15642,15895,16148,16401,16654,16907,17160,17413,17666,17919,18172,18425,18678,18931,19184,19437,19690,19943,20196,20449,20702,20955,21208,21461,21714,21967,22220,22473,22726,22979,23232,23485,23738,23991,24244,24497,24750,25003,25256,25509,25762,26015,26268,26521,26774,27027,27280,27533,27786,28039,28292,28545,28798,29051,29304,29557,29810,30063,30316,30569,30822,31075,31328,31581,31834,-31922,-31669,-31416,-31163,-30910,-30657,-30404,-30151,-29898,-29645,-29392,-29139,-28886,-28633,-28380,-28127,-27874,-27621,-27368,-27115,-26862,-26609,-26356,-26103,-25850,-25597,-25344,-25091,-24838,-24585,-24332,-24079,-23826,-23573,-23320,-23067,-22814,-22561,-22308,-22055,-21802,-21549,-21296,-21043,-20790,-20537,-20284,-20031,-19778,-19525,-19272,-19019,-18766,-18513,-18260,-18007,-17754,-17501,-17248,-16995,-16742,-16489,-16236,-15983,-15730,-15477,-15224,-14971,-14718,-14465,-14212,-13959,-13706,-13453,-13200,-12947,-12694,-12441,-12188,-11935,-11682,-11429,-11176,-10923,-10670,-10417,-10164,-9911,-9658,-9405,-9152,-8899,-8646,-8393,-8140,-7887,-7634,-7381,-7128,-6875,-6622,-6369,-6116,-5863,-5610,-5357,-5104,-4851,-4598,-4345,-4092,-3839,-3586,-3333,-3080,-2827,-2574,-2321,-2068,-1815,-1562,-1309,-1056,-803,-550,-297,-44
210,463,716,969,1222,1475,1728,1981,2234,2487,2740,2993,3246,3499,3752,4005,4258,4511,4764,5017,5270,5523,5776,6029,6282,6535,6788,7041,7294,7547,7800,8053,8306,8559,8812,9065,9318,9571,9824,10077,10330,10583,10836,10879,11089,11342,11595,11848,12101,12354,12607,12860,13113,13366,13619,13872,14125,14378,14631,14884,15137,15390,15643,15896,16149,16402,16655,16908,17161,17414,17667,17920,18173,18426,18679,18932,19185,19438,19691,19944,20197,20450,20703,20956,21209,21462,21715,21968,22221,22474,22727,22980,23233,23486,23739,23992,24245,24498,24751,25004,25257,25510,25763,26016,26269,26522,26775,27028,27281,27534,27787,28040,28293,28546,28799,29052,29305,29558,29811,30064,30317,30570,30823,31076,31329,31582,31835,-31921,-31668,-31415,-31162,-30909,-30656,-30403,-30150,-29897,-29644,-29391,-29138,-28885,-28632,-28379,-28126,-27873,-27620,-27367,-27114,-26861,-26608,-26355,-26102,-25849,-25596,-25343,-25090,-24837,-24584,-24331,-24078,-23825,-23572,-23319,-23066,-22813,-22560,-22307,-22054,-21801,-21548,-21295,-21042,-20789,-20536,-20283,-20030,-19777,-19524,-19271,-19018,-18765,-18512,-18259,-18006,-17753,-17500,-17247,-16994,-16741,-16488,-16235,-15982,-15729,-15476,-15223,-14970,-14717,-14464,-14211,-13958,-13705,-13452,-13199,-12946,-12693,-12440,-12187,-11934,-11681,-11428,-11175,-10922,-10669,-10416,-10163,-9910,-9657,-9404,-9151,-8898,-8645,-8392,-8139,-7886,-7633,-7380,-7127,-6874,-6621,-6368,-6115,-5862,-5609,-5356,-5103,-4850,-4597,-4344,-4091,-3838,-3585,-3332,-3079,-2826,-2573,-2320,-2067,-1814,-1561,-1308,-1055,-802,-549,-296,-43
211,464,717,970,1223,1476,1729,1982,2235,2488,2741,2994,3247,3500,3753,4006,4259,4512,4765,5018,5271,5524,5777,6030,6283,6536,6789,7042,7295,7548,7801,8054,8307,8560,8813,9066,9319,9572,9825,10078,10331,10584,10626,10837,11090,11343,11596,11849,12102,12355,12608,12861,13114,13367,13620,13873,14126,14379,14632,14885,15138,15391,15644,15897,16150,16403,16656,16909,17162,17415,17668,17921,18174,18427,18680,18933,19186,19439,19692,19945,20198,20451,20704,20957,21210,21463,21716,21969,22222,22475,22728,22981,23234,23487,23740,23993,24246,24499,24752,25005,25258,25511,25764,26017,26270,26523,26776,27029,27282,27535,27788,28041,28294,28547,28800,29053,29306,29559,29812,30065,30318,30571,30824,31077,31330,31583,31836,-31920,-31667,-31414,-31161,-30908,-30655,-30402,-30149,-29896,-29643,-29390,-29137,-28884,-28631,-28378,-28125,-27872,-27619,-27366,-27113,-26860,-26607,-26354,-26101,-25848,-25595,-25342,-25089,-24836,-24583,-24330,-24077,-23824,-23571,-23318,-23065,-22812,-22559,-22306,-22053,-21800,-21547,-21294,-21041,-20788,-20535,-20282,-20029,-19776,-19523,-19270,-19017,-18764,-18511,-18258,-18005,-17752,-17499,-17246,-16993,-16740,-16487,-16234,-15981,-15728,-15475,-15222,-14969,-14716,-14463,-14210,-13957,-13704,-13451,-13198,-12945,-12692,-12439,-12186,-11933,-11680,-11427,-11174,-10921,-10668,-10415,-10162,-9909,-9656,-9403,-9150,-8897,-8644,-8391,-8138,-7885,-7632,-7379,-7126,-6873,-6620,-6367,-6114,-5861,-5608,-5355,-5102,-4849,-4596,-4343,-4090,-3837,-3584,-3331,-3078,-2825,-2572,-2319,-2066,-1813,-1560,-1307,-1054,-801,-548,-295,-42
212,465,718,971,1224,1477,1730,1983,2236,2489,2742,2995,3248,3501,3754,4007,4260,4513,4766,5019,5272,5525,5778,6031,6284,6537,6790,7043,7296,7549,7802,8055,8308,8561,8814,9067,9320,9573,9826,10079,10332,10373,10585,10838,11091,11344,11597,11850,12103,12356,12609,12862,13115,13368,13621,13874,14127,14380,14633,14886,15139,15392,15645,15898,16151,16404,16657,16910,17163,17416,17669,17922,18175,18428,18681,18934,19187,19440,19693,19946,20199,20452,20705,20958,21211,21464,21717,21970,22223,22476,22729,22982,23235,23488,23741,23994,24247,24500,24753,25006,25259,25512,25765,26018,26271,26524,26777,27030,27283,27536,27789,28042,28295,28548,28801,29054,29307,29560,29813,30066,30319,30572,30825,31078,31331,31584,31837,-31919,-31666,-31413,-31160,-30907,-30654,-30401,-30148,-29895,-29642,-29389,-29136,-28883,-28630,-28377,-28124,-27871,-27618,-27365,-27112,-26859,-26606,-26353,-26100,-25847,-25594,-25341,-25088,-24835,-24582,-24329,-24076,-23823,-23570,-23317,-23064,-22811,-22558,-22305,-22052,-21799,-21546,-21293,-21040,-20787,-20534,-20281,-20028,-19775,-19522,-19269,-19016,-18763,-18510,-18257,-18004,-17751,-17498,-17245,-16992,-16739,-16486,-16233,-15980,-15727,-15474,-15221,-14968,-14715,-14462,-14209,-13956,-13703,-13450,-13197,-12944,-12691,-12438,-12185,-11932,-11679,-11426,-11173,-10920,-10667,-10414,-10161,-9908,-9655,-9402,-9149,-8896,-8643,-8390,-8137,-7884,-7631,-7378,-7125,-6872,-6619,-6366,-6113,-5860,-5607,-5354,-5101,-4848,-4595,-4342,-4089,-3836,-3583,-3330,-3077,-2824,-2571,-2318,-2065,-1812,-1559,-1306,-1053,-800,-547,-294,-41
213,466,719,972,1225,1478,1731,1984,2237,2490,2743,2996,3249,3502,3755,4008,4261,4514,4767,5020,5273,5526,5779,6032,6285,6538,6791,7044,7297,7550,7803,8056,8309,8562,8815,9068,9321,9574,9827,10080,10120,10333,10586,10839,11092,11345,11598,11851,12104,12357,12610,12863,13116,13369,13622,13875,14128,14381,14634,14887,15140,15393,15646,15899,16152,16405,16658,16911,17164,17417,17670,17923,18176,18429,18682,18935,19188,19441,19694,19947,20200,20453,20706,20959,21212,21465,21718,21971,22224,22477,22730,22983,23236,23489,23742,23995,24248,24501,24754,25007,25260,25513,25766,26019,26272,26525,26778,27031,27284,27537,27790,28043,28296,28549,28802,29055,29308,29561,29814,30067,30320,30573,30826,31079,31332,31585,31838,-31918,-31665,-31412,-31159,-30906,-30653,-30400,-30147,-29894,-29641,-29388,-29135,-28882,-28629,-28376,-28123,-27870,-27617,-27364,-27111,-26858,-26605,-26352,-26099,-25846,-25593,-25340,-25087,-24834,-24581,-24328,-24075,-23822,-23569,-23316,-23063,-22810,-22557,-22304,-22051,-21798,-21545,-21292,-21039,-20786,-20533,-20280,-20027,-19774,-19521,-19268,-19015,-18762,-18509,-18256,-18003,-17750,-17497,-17244,-16991,-16738,-16485,-16232,-15979,-15726,-15473,-15220,-14967,-14714,-14461,-14208,-13955,-13702,-13449,-13196,-12943,-12690,-12437,-12184,-11931,-11678,-11425,-11172,-10919,-10666,-10413,-10160,-9907,-9654,-9401,-9148,-8895,-8642,-8389,-8136,-7883,-7630,-7377,-7124,-6871,-6618,-6365,-6112,-5859,-5606,-5353,-5100,-4847,-4594,-4341,-4088,-3835,-3582,-3329,-3076,-2823,-2570,-2317,-2064,-1811,-1558,-1305,-1052,-799,-546,-293,-40
214,467,720,973,1226,1479,1732,1985,2238,2491,2744,2997,3250,3503,3756,4009,4262,4515,4768,5021,5274,5527,5780,6033,6286,6539,6792,7045,7298,7551,7804,8057,8310,8563,8816,9069,9322,9575,9828,9867,10081,10334,10587,10840,11093,11346,11599,11852,12105,12358,12611,12864,13117,13370,13623,13876,14129,14382,14635,14888,15141,15394,15647,15900,16153,16406,16659,16912,17165,17418,17671,17924,18177,18430,18683,18936,19189,19442,19695,19948,20201,20454,20707,20960,21213,21466,21719,21972,22225,22478,22731,22984,23237,23490,23743,23996,24249,24502,24755,25008,25261,25514,25767,26020,26273,26526,26779,27032,27285,27538,27791,28044,28297,28550,28803,29056,29309,29562,29815,30068,30321,30574,30827,31080,31333,31586,31839,-31917,-31664,-31411,-31158,-30905,-30652,-30399,-30146,-29893,-29640,-29387,-29134,-28881,-28628,-28375,-28122,-27869,-27616,-27363,-27110,-26857,-26604,-26351,-26098,-25845,-25592,-25339,-25086,-24833,-24580,-24327,-24074,-23821,-23568,-23315,-23062,-22809,-22556,-22303,-22050,-21797,-21544,-21291,-21038,-20785,-20532,-20279,-20026,-19773,-19520,-19267,-19014,-18761,-18508,-18255,-18002,-17749,-17496,-17243,-16990,-16737,-16484,-16231,-15978,-15725,-15472,-15219,-14966,-14713,-14460,-14207,-13954,-13701,-13448,-13195,-12942,-12689,-12436,-12183,-11930,-11677,-11424,-11171,-10918,-10665,-10412,-10159,-9906,-9653,-9400,-9147,-8894,-8641,-8388,-8135,-7882,-7629,-7376,-7123,-6870,-6617,-6364,-6111,-5858,-5605,-5352,-5099,-4846,-4593,-4340,-4087,-3834,-3581,-3328,-3075,-2822,-2569,-2316,-2063,-1810,-1557,-1304,-1051,-798,-545,-292,-39
215,468,721,974,1227,1480,1733,1986,2239,2492,2745,2998,3251,3504,3757,4010,4263,4516,4769,5022,5275,5528,5781,6034,6287,6540,6793,7046,7299,7552,7805,8058,8311,8564,8817,9070,9323,9576,9614,9829,10082,10335,10588,10841,11094,11347,11600,11853,12106,12359,12612,12865,13118,13371,13624,13877,14130,14383,14636,14889,15142,15395,15648,15901,16154,16407,16660,16913,17166,17419,17672,17925,18178,18431,18684,18937,19190,19443,19696,19949,20202,20455,20708,20961,21214,21467,21720,21973,22226,22479,22732,22985,23238,23491,23744,23997,24250,24503,24756,25009,25262,25515,25768,26021,26274,26527,26780,27033,27286,27539,27792,28045,28298,28551,28804,29057,29310,29563,29816,30069,30322,30575,30828,31081,31334,31587,31840,-31916,-31663,-31410,-31157,-30904,-30651,-30398,-30145,-29892,-29639,-29386,-29133,-28880,-28627,-28374,-28121,-27868,-27615,-27362,-27109,-26856,-26603,-26350,-26097,-25844,-25591,-25338,-25085,-24832,-24579,-24326,-24073,-23820,-23567,-23314,-23061,-22808,-22555,-22302,-22049,-21796,-21543,-21290,-21037,-20784,-20531,-20278,-20025,-19772,-19519,-19266,-19013,-18760,-18507,-18254,-18001,-17748,-17495,-17242,-16989,-16736,-16483,-16230,-15977,-15724,-15471,-15218,-14965,-14712,-14459,-14206,-13953,-13700,-13447,-13194,-12941,-12688,-12435,-12182,-11929,-11676,-11423,-11170,-10917,-10664,-10411,-10158,-9905,-9652,-9399,-9146,-8893,-8640,-8387,-8134,-7881,-7628,-7375,-7122,-6869,-6616,-6363,-6110,-5857,-5604,-5351,-5098,-4845,-4592,-4339,-4086,-3833,-3580,-3327,-3074,-2821,-2568,-2315,-2062,-1809,-1556,-1303,-1050,-797,-544,-291,-38
216,469,722,975,1228,1481,1734,1987,2240,2493,2746,2999,3252,3505,3758,4011,4264,4517,4770,5023,5276,5529,5782,6035,6288,6541,6794,7047,7300,7553,7806,8059,8312,8565,8818,9071,9324,9361,9577,9830,10083,10336,10589,10842,11095,11348,11601,11854,12107,12360,12613,12866,13119,13372,13625,13878,14131,14384,14637,14890,15143,15396,15649,15902,16155,16408,16661,16914,17167,17420,17673,17926,18179,18432,18685,18938,19191,19444,19697,19950,20203,20456,20709,20962,21215,21468,21721,21974,22227,22480,22733,22986,23239,23492,23745,23998,24251,24504,24757,25010,25263,25516,25769,26022,26275,26528,26781,27034,27287,27540,27793,28046,28299,28552,28805,29058,29311,29564,29817,30070,30323,30576,30829,31082,31335,31588,31841,-31915,-31662,-31409,-31156,-30903,-30650,-30397,-30144,-29891,-29638,-29385,-29132,-28879,-28626,-28373,-28120,-27867,-27614,-27361,-27108,-26855,-26602,-26349,-26096,-25843,-25590,-25337,-25084,-24831,-24578,-24325,-24072,-23819,-23566,-23313,-23060,-22807,-22554,-22301,-22048,-21795,-21542,-21289,-21036,-20783,-20530,-20277,-20024,-19771,-19518,-19265,-19012,-18759,-18506,-18253,-18000,-17747,-17494,-17241,-16988,-16735,-16482,-16229,-15976,-15723,-15470,-15217,-14964,-14711,-14458,-14205,-13952,-13699,-13446,-13193,-12940,-12687,-12434,-12181,-11928,-11675,-11422,-11169,-10916,-10663,-10410,-10157,-9904,-9651,-9398,-9145,-8892,-8639,-8386,-8133,-7880,-7627,-7374,-7121,-6868,-6615,-6362,-6109,-5856,-5603,-5350,-5097,-4844,-4591,-4338,-4085,-3832,-3579,-3326,-3073,-2820,-2567,-2314,-2061,-1808,-1555,-1302,-1049,-796,-543,-290,-37
217,470,723,976,1229,1482,1735,1988,2241,2494,2747,3000,3253,3506,3759,4012,4265,4518,4771,5024,5277,5530,5783,6036,6289,6542,6795,7048,7301,7554,7807,8060,8313,8566,8819,9072,9108,9325,9578,9831,10084,10337,10590,10843,11096,11349,11602,11855,12108,12361,12614,12867,13120,13373,13626,13879,14132,14385,14638,14891,15144,15397,15650,15903,16156,16409,16662,16915,17168,17421,17674,17927,18180,18433,18686,18939,19192,19445,19698,19951,20204,20457,20710,20963,21216,21469,21722,21975,22228,22481,22734,22987,23240,23493,23746,23999,24252,24505,24758,25011,25264,25517,25770,26023,26276,26529,26782,27035,27288,27541,27794,28047,28300,28553,28806,29059,29312,29565,29818,30071,30324,30577,30830,31083,31336,31589,31842,-31914,-31661,-31408,-31155,-30902,-30649,-30396,-30143,-29890,-29637,-29384,-29131,-28878,-28625,-28372,-28119,-27866,-27613,-27360,-27107,-26854,-26601,-26348,-26095,-25842,-25589,-25336,-25083,-24830,-24577,-24324,-24071,-23818,-23565,-23312,-23059,-22806,-22553,-22300,-22047,-21794,-21541,-21288,-21035,-20782,-20529,-20276,-20023,-19770,-19517,-19264,-19011,-18758,-18505,-18252,-17999,-17746,-17493,-17240,-16987,-16734,-16481,-16228,-15975,-15722,-15469,-15216,-14963,-14710,-14457,-14204,-13951,-13698,-13445,-13192,-12939,-12686,-12433,-12180,-11927,-11674,-11421,-11168,-10915,-10662,-10409,-10156,-9903,-9650,-9397,-9144,-8891,-8638,-8385,-8132,-7879,-7626,-7373,-7120,-6867,-6614,-6361,-6108,-5855,-5602,-5349,-5096,-4843,-4590,-4337,-4084,-3831,-3578,-3325,-3072,-2819,-2566,-2313,-2060,-1807,-1554,-1301,-1048,-795,-542,-289,-36
218,471,724,977,1230,1483,1736,1989,2242,2495,2748,3001,3254,3507,3760,4013,4266,4519,4772,5025,5278,5531,5784,6037,6290,6543,6796,7049,7302,7555,7808,8061,8314,8567,8820,8855,9073,9326,9579,9832,10085,10338,10591,10844,11097,11350,11603,11856,12109,12362,12615,12868,13121,13374,13627,13880,14133,14386,14639,14892,15145,15398,15651,15904,16157,16410,16663,16916,17169,17422,17675,17928,18181,18434,18687,18940,19193,19446,19699,19952,20205,20458,20711,20964,21217,21470,21723,21976,22229,22482,22735,22988,23241,23494,23747,24000,24253,24506,24759,25012,25265,25518,25771,26024,26277,26530,26783,27036,27289,27542,27795,28048,28301,28554,28807,29060,29313,29566,29819,30072,30325,30578,30831,31084,31337,31590,31843,-31913,-31660,-31407,-31154,-30901,-30648,-30395,-30142,-29889,-29636,-29383,-29130,-28877,-28624,-28371,-28118,-27865,-27612,-27359,-27106,-26853,-26600,-26347,-26094,-25841,-25588,-25335,-25082,-24829,-24576,-24323,-24070,-23817,-23564,-23311,-23058,-22805,-22552,-22299,-22046,-21793,-21540,-21287,-21034,-20781,-20528,-20275,-20022,-19769,-19516,-19263,-19010,-18757,-18504,-18251,-17998,-17745,-17492,-17239,-16986,-16733,-16480,-16227,-15974,-15721,-15468,-15215,-14962,-14709,-14456,-14203,-13950,-13697,-13444,-13191,-12938,-12685,-12432,-12179,-11926,-11673,-11420,-11167,-10914,-10661,-10408,-10155,-9902,-9649,-9396,-9143,-8890,-8637,-8384,-8131,-7878,-7625,-7372,-7119,-6866,-6613,-6360,-6107,-5854,-5601,-5348,-5095,-4842,-4589,-4336,-4083,-3830,-3577,-3324,-3071,-2818,-2565,-2312,-2059,-1806,-1553,-1300,-1047,-794,-541,-288,-35
219,472,725,978,1231,1484,1737,1990,2243,2496,2749,3002,3255,3508,3761,4014,4267,4520,4773,5026,5279,5532,5785,6038,6291,6544,6797,7050,7303,7556,7809,8062,8315,8568,8602,8821,9074,9327,9580,9833,10086,10339,10592,10845,11098,11351,11604,11857,12110,12363,12616,12869,13122,13375,13628,13881,14134,14387,14640,14893,15146,15399,15652,15905,16158,16411,16664,16917,17170,17423,17676,17929,18182,18435,18688,18941,19194,19447,19700,19953,20206,20459,20712,20965,21218,21471,21724,21977,22230,22483,22736,22989,23242,23495,23748,24001,24254,24507,24760,25013,25266,25519,25772,26025,26278,26531,26784,27037,27290,27543,27796,28049,28302,28555,28808,29061,29314,29567,29820,30073,30326,30579,30832,31085,31338,31591,31844,-31912,-31659,-31406,-31153,-30900,-30647,-30394,-30141,-29888,-29635,-29382,-29129,-28876,-28623,-28370,-28117,-27864,-27611,-27358,-27105,-26852,-26599,-26346,-26093,-25840,-25587,-25334,-25081,-24828,-24575,-24322,-24069,-23816,-23563,-23310,-23057,-22804,-22551,-22298,-22045,-21792,-21539,-21286,-21033,-20780,-20527,-20274,-20021,-19768,-19515,-19262,-19009,-18756,-18503,-18250,-17997,-17744,-17491,-17238,-16985,-16732,-16479,-16226,-15973,-15720,-15467,-15214,-14961,-14708,-14455,-14202,-13949,-13696,-13443,-13190,-12937,-12684,-12431,-12178,-11925,-11672,-11419,-11166,-10913,-10660,-10407,-10154,-9901,-9648,-9395,-9142,-8889,-8636,-8383,-8130,-7877,-7624,-7371,-7118,-6865,-6612,-6359,-6106,-5853,-5600,-5347,-5094,-4841,-4588,-4335,-4082,-3829,-3576,-3323,-3070,-2817,-2564,-2311,-2058,-1805,-1552,-1299,-1046,-793,-540,-287,-34
220,473,726,979,1232,1485,1738,1991,2244,2497,2750,3003,3256,3509,3762,4015,4268,4521,4774,5027,5280,5533,5786,6039,6292,6545,6798,7051,7304,7557,7810,8063,8316,8349,8569,8822,9075,9328,9581,9834,10087,10340,10593,10846,11099,11352,11605,11858,12111,12364,12617,12870,13123,13376,13629,13882,14135,14388,14641,14894,15147,15400,15653,15906,16159,16412,16665,16918,17171,17424,17677,17930,18183,18436,18689,18942,19195,19448,19701,19954,20207,20460,20713,20966,21219,21472,21725,21978,22231,22484,22737,22990,23243,23496,23749,24002,24255,24508,24761,25014,25267,25520,25773,26026,26279,26532,26785,27038,27291,27544,27797,28050,28303,28556,28809,29062,29315,29568,29821,30074,30327,30580,30833,31086,31339,31592,31845,-31911,-31658,-31405,-31152,-30899,-30646,-30393,-30140,-29887,-29634,-29381,-29128,-28875,-28622,-28369,-28116,-27863,-27610,-27357,-27104,-26851,-26598,-26345,-26092,-25839,-25586,-25333,-25080,-24827,-24574,-24321,-24068,-23815,-23562,-23309,-23056,-22803,-22550,-22297,-22044,-21791,-21538,-21285,-21032,-20779,-20526,-20273,-20020,-19767,-19514,-19261,-19008,-18755,-18502,-18249,-17996,-17743,-17490,-17237,-16984,-16731,-16478,-16225,-15972,-15719,-15466,-15213,-14960,-14707,-14454,-14201,-13948,-13695,-13442,-13189,-12936,-12683,-12430,-12177,-11924,-11671,-11418,-11165,-10912,-10659,-10406,-10153,-9900,-9647,-9394,-9141,-8888,-8635,-8382,-8129,-7876,-7623,-7370,-7117,-6864,-6611,-6358,-6105,-5852,-5599,-5346,-5093,-4840,-4587,-4334,-4081,-3828,-3575,-3322,-3069,-2816,-2563,-2310,-2057,-1804,-1551,-1298,-1045,-792,-539,-286,-33
221,474,727,980,1233,1486,1739,1992,2245,2498,2751,3004,3257,3510,3763,4016,4269,4522,4775,5028,5281,5534,5787,6040,6293,6546,6799,7052,7305,7558,7811,8064,8096,8317,8570,8823,9076,9329,9582,9835,10088,10341,10594,10847,11100,11353,11606,11859,12112,12365,12618,12871,13124,13377,13630,13883,14136,14389,14642,14895,15148,15401,15654,15907,16160,16413,16666,16919,17172,17425,17678,17931,18184,18437,18690,18943,19196,19449,19702,19955,20208,20461,20714,20967,21220,21473,21726,21979,22232,22485,22738,22991,23244,23497,23750,24003,24256,24509,24762,25015,25268,25521,25774,26027,26280,26533,26786,27039,27292,27545,27798,28051,28304,28557,28810,29063,29316,29569,29822,30075,30328,30581,30834,31087,31340,31593,31846,-31910,-31657,-31404,-31151,-30898,-30645,-30392,-30139,-29886,-29633,-29380,-29127,-28874,-28621,-28368,-28115,-27862,-27609,-27356,-27103,-26850,-26597,-26344,-26091,-25838,-25585,-25332,-25079,-24826,-24573,-24320,-24067,-23814,-23561,-23308,-23055,-22802,-22549,-22296,-22043,-21790,-21537,-21284,-21031,-20778,-20525,-20272,-20019,-19766,-19513,-19260,-19007,-18754,-18501,-18248,-17995,-17742,-17489,-17236,-16983,-16730,-16477,-16224,-15971,-15718,-15465,-15212,-14959,-14706,-14453,-14200,-13947,-13694,-13441,-13188,-12935,-12682,-12429,-12176,-11923,-11670,-11417,-11164,-10911,-10658,-10405,-10152,-9899,-9646,-9393,-9140,-8887,-8634,-8381,-8128,-7875,-7622,-7369,-7116,-6863,-6610,-6357,-6104,-5851,-5598,-5345,-5092,-4839,-4586,-4333,-4080,-3827,-3574,-3321,-3068,-2815,-2562,-2309,-2056,-1803,-1550,-1297,-1044,-791,-538,-285,-32
222,475,728,981,1234,1487,1740,1993,2246,2499,2752,3005,3258,3511,3764,4017,4270,4523,4776,5029,5282,5535,5788,6041,6294,6547,6800,7053,7306,7559,7812,7843,8065,8318,8571,8824,9077,9330,9583,9836,10089,10342,10595,10848,11101,11354,11607,11860,12113,12366,12619,12872,13125,13378,13631,13884,14137,14390,14643,14896,15149,15402,15655,15908,16161,16414,16667,16920,17173,17426,17679,17932,18185,18438,18691,18944,19197,19450,19703,19956,20209,20462,20715,20968,21221,21474,21727,21980,22233,22486,22739,22992,23245,23498,23751,24004,24257,24510,24763,25016,25269,25522,25775,26028,26281,26534,26787,27040,27293,27546,27799,28052,28305,28558,28811,29064,29317,29570,29823,30076,30329,30582,30835,31088,31341,31594,31847,-31909,-31656,-31403,-31150,-30897,-30644,-30391,-30138,-29885,-29632,-29379,-29126,-28873,-28620,-28367,-28114,-27861,-27608,-27355,-27102,-26849,-26596,-26343,-26090,-25837,-25584,-25331,-25078,-24825,-24572,-24319,-24066,-23813,-23560,-23307,-23054,-22801,-22548,-22295,-22042,-21789,-21536,-21283,-21030,-20777,-20524,-20271,-20018,-19765,-19512,-19259,-19006,-18753,-18500,-18247,-17994,-17741,-17488,-17235,-16982,-16729,-16476,-16223,-15970,-15717,-15464,-15211,-14958,-14705,-14452,-14199,-13946,-13693,-13440,-13187,-12934,-12681,-12428,-12175,-11922,-11669,-11416,-11163,-10910,-10657,-10404,-10151,-9898,-9645,-9392,-9139,-8886,-8633,-8380,-8127,-7874,-7621,-7368,-7115,-6862,-6609,-6356,-6103,-5850,-5597,-5344,-5091,-4838,-4585,-4332,-4079,-3826,-3573,-3320,-3067,-2814,-2561,-2308,-2055,-1802,-1549,-1296,-1043,-790,-537,-284,-31
223,476,729,982,1235,1488,1741,1994,2247,2500,2753,3006,3259,3512,3765,4018,4271,4524,4777,5030,5283,5536,5789,6042,6295,6548,6801,7054,7307,7560,7590,7813,8066,8319,8572,8825,9078,9331,9584,9837,10090,10343,10596,10849,11102,11355,11608,11861,12114,12367,12620,12873,13126,13379,13632,13885,14138,14391,14644,14897,15150,15403,15656,15909,16162,16415,16668,16921,17174,17427,17680,17933,18186,18439,18692,18945,19198,19451,19704,19957,20210,20463,20716,20969,21222,21475,21728,21981,22234,22487,22740,22993,23246,23499,23752,24005,24258,24511,24764,25017,25270,25523,25776,26029,26282,26535,26788,27041,27294,27547,27800,28053,28306,28559,28812,29065,29318,29571,29824,30077,30330,30583,30836,31089,31342,31595,31848,-31908,-31655,-31402,-31149,-30896,-30643,-30390,-30137,-29884,-29631,-29378,-29125,-28872,-28619,-28366,-28113,-27860,-27607,-27354,-27101,-26848,-26595,-26342,-26089,-25836,-25583,-25330,-25077,-24824,-24571,-24318,-24065,-23812,-23559,-23306,-23053,-22800,-22547,-22294,-22041,-21788,-21535,-21282,-21029,-20776,-20523,-20270,-20017,-19764,-19511,-19258,-19005,-18752,-18499,-18246,-17993,-17740,-17487,-17234,-16981,-16728,-16475,-16222,-15969,-15716,-15463,-15210,-14957,-14704,-14451,-14198,-13945,-13692,-13439,-13186,-12933,-12680,-12427,-12174,-11921,-11668,-11415,-11162,-10909,-10656,-10403,-10150,-9897,-9644,-9391,-9138,-8885,-8632,-8379,-8126,-7873,-7620,-7367,-7114,-6861,-6608,-6355,-6102,-5849,-5596,-5343,-5090,-4837,-4584,-4331,-4078,-3825,-3572,-3319,-3066,-2813,-2560,-2307,-2054,-1801,-1548,-1295,-1042,-789,-536,-283,-30
224,477,730,983,1236,1489,1742,1995,2248,2501,2754,3007,3260,3513,3766,4019,4272,4525,4778,5031,5284,5537,5790,6043,6296,6549,6802,7055,7308,7337,7561,7814,8067,8320,8573,8826,9079,9332,9585,9838,10091,10344,10597,10850,11103,11356,11609,11862,12115,12368,12621,12874,13127,13380,13633,13886,14139,14392,14645,14898,15151,15404,15657,15910,16163,16416,16669,16922,17175,17428,17681,17934,18187,18440,18693,18946,19199,19452,19705,19958,20211,20464,20717,20970,21223,21476,21729,21982,22235,22488,22741,22994,23247,23500,23753,24006,24259,24512,24765,25018,25271,25524,25777,26030,26283,26536,26789,27042,27295,27548,27801,28054,28307,28560,28813,29066,29319,29572,29825,30078,30331,30584,30837,31090,31343,31596,31849,-31907,-31654,-31401,-31148,-30895,-30642,-30389,-30136,-29883,-29630,-29377,-29124,-28871,-28618,-28365,-28112,-27859,-27606,-27353,-27100,-26847,-26594,-26341,-26088,-25835,-25582,-25329,-25076,-24823,-24570,-24317,-24064,-23811,-23558,-23305,-23052,-22799,-22546,-22293,-22040,-21787,-21534,-21281,-21028,-20775,-20522,-20269,-20016,-19763,-19510,-19257,-19004,-18751,-18498,-18245,-17992,-17739,-17486,-17233,-16980,-16727,-16474,-16221,-15968,-15715,-15462,-15209,-14956,-14703,-14450,-14197,-13944,-13691,-13438,-13185,-12932,-12679,-12426,-12173,-11920,-11667,-11414,-11161,-10908,-10655,-10402,-10149,-9896,-9643,-9390,-9137,-8884,-8631,-8378,-8125,-7872,-7619,-7366,-7113,-6860,-6607,-6354,-6101,-5848,-5595,-5342,-5089,-4836,-4583,-4330,-4077,-3824,-3571,-3318,-3065,-2812,-2559,-2306,-2053,-1800,-1547,-1294,-1041,-788,-535,-282,-29
225,478,731,984,1237,1490,1743,1996,2249,2502,2755,3008,3261,3514,3767,4020,4273,4526,4779,5032,5285,5538,5791,6044,6297,6550,6803,7056,7084,7309,7562,7815,8068,8321,8574,8827,9080,9333,9586,9839,10092,10345,10598,10851,11104,11357,11610,11863,12116,12369,12622,12875,13128,13381,13634,13887,14140,14393,14646,14899,15152,15405,15658,15911,16164,16417,16670,16923,17176,17429,17682,17935,18188,18441,18694,18947,19200,19453,19706,19959,20212,20465,20718,20971,21224,21477,21730,21983,22236,22489,22742,22995,23248,23501,23754,24007,24260,24513,24766,25019,25272,25525,25778,26031,26284,26537,26790,27043,27296,27549,27802,28055,28308,28561,28814,29067,29320,29573,29826,30079,30332,30585,30838,31091,31344,31597,31850,-31906,-31653,-31400,-31147,-30894,-30641,-30388,-30135,-29882,-29629,-29376,-29123,-28870,-28617,-28364,-28111,-27858,-27605,-27352,-27099,-26846,-26593,-26340,-26087,-25834,-25581,-25328,-25075,-24822,-24569,-24316,-24063,-23810,-23557,-23304,-23051,-22798,-22545,-22292,-22039,-21786,-21533,-21280,-21027,-20774,-20521,-20268,-20015,-19762,-19509,-19256,-19003,-18750,-18497,-18244,-17991,-17738,-17485,-17232,-16979,-16726,-16473,-16220,-15967,-15714,-15461,-15208,-14955,-14702,-14449,-14196,-13943,-13690,-13437,-13184,-12931,-12678,-12425,-12172,-11919,-11666,-11413,-11160,-10907,-10654,-10401,-10148,-9895,-9642,-9389,-9136,-8883,-8630,-8377,-8124,-7871,-7618,-7365,-7112,-6859,-6606,-6353,-6100,-5847,-5594,-5341,-5088,-4835,-4582,-4329,-4076,-3823,-3570,-3317,-3064,-2811,-2558,-2305,-2052,-1799,-1546,-1293,-1040,-787,-534,-281,-28
226,479,732,985,1238,1491,1744,1997,2250,2503,2756,3009,3262,3515,3768,4021,4274,4527,4780,5033,5286,5539,5792,6045,6298,6551,6804,6831,7057,7310,7563,7816,8069,8322,8575,8828,9081,9334,9587,9840,10093,10346,10599,10852,11105,11358,11611,11864,12117,12370,12623,12876,13129,13382,13635,13888,14141,14394,14647,14900,15153,15406,15659,15912,16165,16418,16671,16924,17177,17430,17683,17936,18189,18442,18695,18948,19201,19454,19707,19960,20213,20466,20719,20972,21225,21478,21731,21984,22237,22490,22743,22996,23249,23502,23755,24008,24261,24514,24767,25020,25273,25526,25779,26032,26285,26538,26791,27044,27297,27550,27803,28056,28309,28562,28815,29068,29321,29574,29827,30080,30333,30586,30839,31092,31345,31598,31851,-31905,-31652,-31399,-31146,-30893,-30640,-30387,-30134,-29881,-29628,-29375,-29122,-28869,-28616,-28363,-28110,-27857,-27604,-27351,-27098,-26845,-26592,-26339,-26086,-25833,-25580,-25327,-25074,-24821,-24568,-24315,-24062,-23809,-23556,-23303,-23050,-22797,-22544,-22291,-22038,-21785,-21532,-21279,-21026,-20773,-20520,-20267,-20014,-19761,-19508,-19255,-19002,-18749,-18496,-18243,-17990,-17737,-17484,-17231,-16978,-16725,-16472,-16219,-15966,-15713,-15460,-15207,-14954,-14701,-14448,-14195,-13942,-13689,-13436,-13183,-12930,-12677,-12424,-12171,-11918,-11665,-11412,-11159,-10906,-10653,-10400,-10147,-9894,-9641,-9388,-9135,-8882,-8629,-8376,-8123,-7870,-7617,-7364,-7111,-6858,-6605,-6352,-6099,-5846,-5593,-5340,-5087,-4834,-4581,-4328,-4075,-3822,-3569,-3316,-3063,-2810,-2557,-2304,-2051,-1798,-1545,-1292,-1039,-786,-533,-280,-27
227,480,733,986,1239,1492,1745,1998,2251,2504,2757,3010,3263,3516,3769,4022,4275,4528,4781,5034,5287,5540,5793,6046,6299,6552,6578,6805,7058,7311,7564,7817,8070,8323,8576,8829,9082,9335,9588,9841,10094,10347,10600,10853,11106,11359,11612,11865,12118,12371,12624,12877,13130,13383,13636,13889,14142,14395,14648,14901,15154,15407,15660,15913,16166,16419,16672,16925,17178,17431,17684,17937,18190,18443,18696,18949,19202,19455,19708,19961,20214,20467,20720,20973,21226,21479,21732,21985,22238,22491,22744,22997,23250,23503,23756,24009,24262,24515,24768,25021,25274,25527,25780,26033,26286,26539,26792,27045,27298,27551,27804,28057,28310,28563,28816,29069,29322,29575,29828,30081,30334,30587,30840,31093,31346,31599,31852,-31904,-31651,-31398,-31145,-30892,-30639,-30386,-30133,-29880,-29627,-29374,-29121,-28868,-28615,-28362,-28109,-27856,-27603,-27350,-27097,-26844,-26591,-26338,-26085,-25832,-25579,-25326,-25073,-24820,-24567,-24314,-24061,-23808,-23555,-23302,-23049,-22796,-22543,-22290,-22037,-21784,-21531,-21278,-21025,-20772,-20519,-20266,-20013,-19760,-19507,-19254,-19001,-18748,-18495,-18242,-17989,-17736,-17483,-17230,-16977,-16724,-16471,-16218,-15965,-15712,-15459,-15206,-14953,-14700,-14447,-14194,-13941,-13688,-13435,-13182,-12929,-12676,-12423,-12170,-11917,-11664,-11411,-11158,-10905,-10652,-10399,-10146,-9893,-9640,-9387,-9134,-8881,-8628,-8375,-8122,-7869,-7616,-7363,-7110,-6857,-6604,-6351,-6098,-5845,-5592,-5339,-5086,-4833,-4580,-4327,-4074,-3821,-3568,-3315,-3062,-2809,-2556,-2303,-2050,-1797,-1544,-1291,-1038,-785,-532,-279,-26
228,481,734,987,1240,1493,1746,1999,2252,2505,2758,3011,3264,3517,3770,4023,4276,4529,4782,5035,5288,5541,5794,6047,6300,6325,6553,6806,7059,7312,7565,7818,8071,8324,8577,8830,9083,9336,9589,9842,10095,10348,10601,10854,11107,11360,11613,11866,12119,12372,12625,12878,13131,13384,13637,13890,14143,14396,14649,14902,15155,15408,15661,15914,16167,16420,16673,16926,17179,17432,17685,17938,18191,18444,18697,18950,19203,19456,19709,19962,20215,20468,20721,20974,21227,21480,21733,21986,22239,22492,22745,22998,23251,23504,23757,24010,24263,24516,24769,25022,25275,25528,25781,26034,26287,26540,26793,27046,27299,27552,27805,28058,28311,28564,28817,29070,29323,29576,29829,30082,30335,30588,30841,31094,31347,31600,31853,-31903,-31650,-31397,-31144,-30891,-30638,-30385,-30132,-29879,-29626,-29373,-29120,-28867,-28614,-28361,-28108,-27855,-27602,-27349,-27096,-26843,-26590,-26337,-26084,-25831,-25578,-25325,-25072,-24819,-24566,-24313,-24060,-23807,-23554,-23301,-23048,-22795,-22542,-22289,-22036,-21783,-21530,-21277,-21024,-20771,-20518,-20265,-20012,-19759,-19506,-19253,-19000,-18747,-18494,-18241,-17988,-17735,-17482,-17229,-16976,-16723,-16470,-16217,-15964,-15711,-15458,-15205,-14952,-14699,-14446,-14193,-13940,-13687,-13434,-13181,-12928,-12675,-12422,-12169,-11916,-11663,-11410,-11157,-10904,-10651,-10398,-10145,-9892,-9639,-9386,-9133,-8880,-8627,-8374,-8121,-7868,-7615,-7362,-7109,-6856,-6603,-6350,-6097,-5844,-5591,-5338,-5085,-4832,-4579,-4326,-4073,-3820,-3567,-3314,-3061,-2808,-2555,-2302,-2049,-1796,-1543,-1290,-1037,-784,-531,-278,-25
229,482,735,988,1241,1494,1747,2000,2253,2506,2759,3012,3265,3518,3771,4024,4277,4530,4783,5036,5289,5542,5795,6048,6072,6301,6554,6807,7060,7313,7566,7819,8072,8325,8578,8831,9084,9337,9590,9843,10096,10349,10602,10855,11108,11361,11614,11867,12120,12373,12626,12879,13132,13385,13638,13891,14144,14397,14650,14903,15156,15409,15662,15915,16168,16421,16674,16927,17180,17433,17686,17939,18192,18445,18698,18951,19204,19457,19710,19963,20216,20469,20722,20975,21228,21481,21734,21987,22240,22493,22746,22999,23252,23505,23758,24011,24264,24517,24770,25023,25276,25529,25782,26035,26288,26541,26794,27047,27300,27553,27806,28059,28312,28565,28818,29071,29324,29577,29830,30083,30336,30589,30842,31095,31348,31601,31854,-31902,-31649,-31396,-31143,-30890,-30637,-30384,-30131,-29878,-29625,-29372,-29119,-28866,-28613,-28360,-28107,-27854,-27601,-27348,-27095,-26842,-26589,-26336,-26083,-25830,-25577,-25324,-25071,-24818,-24565,-24312,-24059,-23806,-23553,-23300,-23047,-22794,-22541,-22288,-22035,-21782,-21529,-21276,-21023,-20770,-20517,-20264,-20011,-19758,-19505,-19252,-18999,-18746,-18493,-18240,-17987,-17734,-17481,-17228,-16975,-16722,-16469,-16216,-15963,-15710,-15457,-15204,-14951,-14698,-14445,-14192,-13939,-13686,-13433,-13180,-12927,-12674,-12421,-12168,-11915,-11662,-11409,-11156,-10903,-10650,-10397,-10144,-9891,-9638,-9385,-9132,-8879,-8626,-8373,-8120,-7867,-7614,-7361,-7108,-6855,-6602,-6349,-6096,-5843,-5590,-5337,-5084,-4831,-4578,-4325,-4072,-3819,-3566,-3313,-3060,-2807,-2554,-2301,-2048,-1795,-1542,-1289,-1036,-783,-530,-277,-24
230,483,736,989,1242,1495,1748,2001,2254,2507,2760,3013,3266,3519,3772,4025,4278,4531,4784,5037,5290,5543,5796,5819,6049,6302,6555,6808,7061,7314,7567,7820,8073,8326,8579,8832,9085,9338,9591,9844,10097,10350,10603,10856,11109,11362,11615,11868,12121,12374,12627,12880,13133,13386,13639,13892,14145,14398,14651,14904,15157,15410,15663,15916,16169,16422,16675,16928,17181,17434,17687,17940,18193,18446,18699,18952,19205,19458,19711,19964,20217,20470,20723,20976,21229,21482,21735,21988,22241,22494,22747,23000,23253,23506,23759,24012,24265,24518,24771,25024,25277,25530,25783,26036,26289,26542,26795,27048,27301,27554,27807,28060,28313,28566,28819,29072,29325,29578,29831,30084,30337,30590,30843,31096,31349,31602,31855,-31901,-31648,-31395,-31142,-30889,-30636,-30383,-30130,-29877,-29624,-29371,-29118,-28865,-28612,-28359,-28106,-27853,-27600,-27347,-27094,-26841,-26588,-26335,-26082,-25829,-25576,-25323,-25070,-24817,-24564,-24311,-24058,-23805,-23552,-23299,-23046,-22793,-22540,-22287,-22034,-21781,-21528,-21275,-21022,-20769,-20516,-20263,-20010,-19757,-19504,-19251,-18998,-18745,-18492,-18239,-17986,-17733,-17480,-17227,-16974,-16721,-16468,-16215,-15962,-15709,-15456,-15203,-14950,-14697,-14444,-14191,-13938,-13685,-13432,-13179,-12926,-12673,-12420,-12167,-11914,-11661,-11408,-11155,-10902,-10649,-10396,-10143,-9890,-9637,-9384,-9131,-8878,-8625,-8372,-8119,-7866,-7613,-7360,-7107,-6854,-6601,-6348,-6095,-5842,-5589,-5336,-5083,-4830,-4577,-4324,-4071,-3818,-3565,-3312,-3059,-2806,-2553,-2300,-2047,-1794,-1541,-1288,-1035,-782,-529,-276,-23
231,484,737,990,1243,1496,1749,2002,2255,2508,2761,3014,3267,3520,3773,4026,4279,4532,4785,5038,5291,5544,5566,5797,6050,6303,6556,6809,7062,7315,7568,7821,8074,8327,8580,8833,9086,9339,9592,9845,10098,10351,10604,10857,11110,11363,11616,11869,12122,12375,12628,12881,13134,13387,13640,13893,14146,14399,14652,14905,15158,15411,15664,15917,16170,16423,16676,16929,17182,17435,17688,17941,18194,18447,18700,18953,19206,19459,19712,19965,20218,20471,20724,20977,21230,21483,21736,21989,22242,22495,22748,23001,23254,23507,23760,24013,24266,24519,24772,25025,25278,25531,25784,26037,26290,26543,26796,27049,27302,27555,27808,28061,28314,28567,28820,29073,29326,29579,29832,30085,30338,30591,30844,31097,31350,31603,31856,-31900,-31647,-31394,-31141,-30888,-30635,-30382,-30129,-29876,-29623,-29370,-29117,-28864,-28611,-28358,-28105,-27852,-27599,-27346,-27093,-26840,-26587,-26334,-26081,-25828,-25575,-25322,-25069,-24816,-24563,-24310,-24057,-23804,-23551,-23298,-23045,-22792,-22539,-22286,-22033,-21780,-21527,-21274,-21021,-20768,-20515,-20262,-20009,-19756,-19503,-19250,-18997,-18744,-18491,-18238,-17985,-17732,-17479,-17226,-16973,-16720,-16467,-16214,-15961,-15708,-15455,-15202,-14949,-14696,-14443,-14190,-13937,-13684,-13431,-13178,-12925,-12672,-12419,-12166,-11913,-11660,-11407,-11154,-10901,-10648,-10395,-10142,-9889,-9636,-9383,-9130,-8877,-8624,-8371,-8118,-7865,-7612,-7359,-7106,-6853,-6600,-6347,-6094,-5841,-5588,-5335,-5082,-4829,-4576,-4323,-4070,-3817,-3564,-3311,-3058,-2805,-2552,-2299,-2046,-1793,-1540,-1287,-1034,-781,-528,-275,-22
232,485,738,991,1244,1497,1750,2003,2256,2509,2762,3015,3268,3521,3774,4027,4280,4533,4786,5039,5292,5313,5545,5798,6051,6304,6557,6810,7063,7316,7569,7822,8075,8328,8581,8834,9087,9340,9593,9846,10099,10352,10605,10858,11111,11364,11617,11870,12123,12376,12629,12882,13135,13388,13641,13894,14147,14400,14653,14906,15159,15412,15665,15918,16171,16424,16677,16930,17183,17436,17689,17942,18195,18448,18701,18954,19207,19460,19713,19966,20219,20472,20725,20978,21231,21484,21737,21990,22243,22496,22749,23002,23255,23508,23761,24014,24267,24520,24773,25026,25279,25532,25785,26038,26291,26544,26797,27050,27303,27556,27809,28062,28315,28568,28821,29074,29327,29580,29833,30086,30339,30592,30845,31098,31351,31604,31857,-31899,-31646,-31393,-31140,-30887,-30634,-30381,-30128,-29875,-29622,-29369,-29116,-28863,-28610,-28357,-28104,-27851,-27598,-27345,-27092,-26839,-26586,-26333,-26080,-25827,-25574,-25321,-25068,-24815,-24562,-24309,-24056,-23803,-23550,-23297,-23044,-22791,-22538,-22285,-22032,-21779,-21526,-21273,-21020,-20767,-20514,-20261,-20008,-19755,-19502,-19249,-18996,-18743,-18490,-18237,-17984,-17731,-17478,-17225,-16972,-16719,-16466,-16213,-15960,-15707,-15454,-15201,-14948,-14695,-14442,-14189,-13936,-13683,-13430,-13177,-12924,-12671,-12418,-12165,-11912,-11659,-11406,-11153,-10900,-10647,-10394,-10141,-9888,-9635,-9382,-9129,-8876,-8623,-8370,-8117,-7864,-7611,-7358,-7105,-6852,-6599,-6346,-6093,-5840,-5587,-5334,-5081,-4828,-4575,-4322,-4069,-3816,-3563,-3310,-3057,-2804,-2551,-2298,-2045,-1792,-1539,-1286,-1033,-780,-527,-274,-21
233,486,739,992,1245,1498,1751,2004,2257,2510,2763,3016,3269,3522,3775,4028,4281,4534,4787,5040,5060,5293,5546,5799,6052,6305,6558,6811,7064,7317,7570,7823,8076,8329,8582,8835,9088,9341,9594,9847,10100,10353,10606,10859,11112,11365,11618,11871,12124,12377,12630,12883,13136,13389,13642,13895,14148,14401,14654,14907,15160,15413,15666,15919,16172,16425,16678,16931,17184,17437,17690,17943,18196,18449,18702,18955,19208,19461,19714,19967,20220,20473,20726,20979,21232,21485,21738,21991,22244,22497,22750,23003,23256,23509,23762,24015,24268,24521,24774,25027,25280,25533,25786,26039,26292,26545,26798,27051,27304,27557,27810,28063,28316,28569,28822,29075,29328,29581,29834,30087,30340,30593,30846,31099,31352,31605,31858,-31898,-31645,-31392,-31139,-30886,-30633,-30380,-30127,-29874,-29621,-29368,-29115,-28862,-28609,-28356,-28103,-27850,-27597,-27344,-27091,-26838,-26585,-26332,-26079,-25826,-25573,-25320,-25067,-24814,-24561,-24308,-24055,-23802,-23549,-23296,-23043,-22790,-22537,-22284,-22031,-21778,-21525,-21272,-21019,-20766,-20513,-20260,-20007,-19754,-19501,-19248,-18995,-18742,-18489,-18236,-17983,-17730,-17477,-17224,-16971,-16718,-16465,-16212,-15959,-15706,-15453,-15200,-14947,-14694,-14441,-14188,-13935,-13682,-13429,-13176,-12923,-12670,-12417,-12164,-11911,-11658,-11405,-11152,-10899,-10646,-10393,-10140,-9887,-9634,-9381,-9128,-8875,-8622,-8369,-8116,-7863,-7610,-7357,-7104,-6851,-6598,-6345,-6092,-5839,-5586,-5333,-5080,-4827,-4574,-4321,-4068,-3815,-3562,-3309,-3056,-2803,-2550,-2297,-2044,-1791,-1538,-1285,-1032,-779,-526,-273,-20
234,487,740,993,1246,1499,1752,2005,2258,2511,2764,3017,3270,3523,3776,4029,4282,4535,4788,4807,5041,5294,5547,5800,6053,6306,6559,6812,7065,7318,7571,7824,8077,8330,8583,8836,9089,9342,9595,9848,10101,10354,10607,10860,11113,11366,11619,11872,12125,12378,12631,12884,13137,13390,13643,13896,14149,14402,14655,14908,15161,15414,15667,15920,16173,16426,16679,16932,17185,17438,17691,17944,18197,18450,18703,18956,19209,19462,19715,19968,20221,20474,20727,20980,21233,21486,21739,21992,22245,22498,22751,23004,23257,23510,23763,24016,24269,24522,24775,25028,25281,25534,25787,26040,26293,26546,26799,27052,27305,27558,27811,28064,28317,28570,28823,29076,29329,29582,29835,30088,30341,30594,30847,31100,31353,31606,31859,-31897,-31644,-31391,-31138,-30885,-30632,-30379,-30126,-29873,-29620,-29367,-29114,-28861,-28608,-28355,-28102,-27849,-27596,-27343,-27090,-26837,-26584,-26331,-26078,-25825,-25572,-25319,-25066,-24813,-24560,-24307,-24054,-23801,-23548,-23295,-23042,-22789,-22536,-22283,-22030,-21777,-21524,-21271,-21018,-20765,-20512,-20259,-20006,-19753,-19500,-19247,-18994,-18741,-18488,-18235,-17982,-17729,-17476,-17223,-16970,-16717,-16464,-16211,-15958,-15705,-15452,-15199,-14946,-14693,-14440,-14187,-13934,-13681,-13428,-13175,-12922,-12669,-12416,-12163,-11910,-11657,-11404,-11151,-10898,-10645,-10392,-10139,-9886,-9633,-9380,-9127,-8874,-8621,-8368,-8115,-7862,-7609,-7356,-7103,-6850,-6597,-6344,-6091,-5838,-5585,-5332,-5079,-4826,-4573,-4320,-4067,-3814,-3561,-3308,-3055,-2802,-2549,-2296,-2043,-1790,-1537,-1284,-1031,-778,-525,-272,-19
235,488,741,994,1247,1500,1753,2006,2259,2512,2765,3018,3271,3524,3777,4030,4283,4536,4554,4789,5042,5295,5548,5801,6054,6307,6560,6813,7066,7319,7572,7825,8078,8331,8584,8837,9090,9343,9596,9849,10102,10355,10608,10861,11114,11367,11620,11873,12126,12379,12632,12885,13138,13391,13644,13897,14150,14403,14656,14909,15162,15415,15668,15921,16174,16427,16680,16933,17186,17439,17692,17945,18198,18451,18704,18957,19210,19463,19716,19969,20222,20475,20728,20981,21234,21487,21740,21993,22246,22499,22752,23005,23258,23511,23764,24017,24270,24523,24776,25029,25282,25535,25788,26041,26294,26547,26800,27053,27306,27559,27812,28065,28318,28571,28824,29077,29330,29583,29836,30089,30342,30595,30848,31101,31354,31607,31860,-31896,-31643,-31390,-31137,-30884,-30631,-30378,-30125,-29872,-29619,-29366,-29113,-28860,-28607,-28354,-28101,-27848,-27595,-27342,-27089,-26836,-26583,-26330,-26077,-25824,-25571,-25318,-25065,-24812,-24559,-24306,-24053,-23800,-23547,-23294,-23041,-22788,-22535,-22282,-22029,-21776,-21523,-21270,-21017,-20764,-20511,-20258,-20005,-19752,-19499,-19246,-18993,-18740,-18487,-18234,-17981,-17728,-17475,-17222,-16969,-16716,-16463,-16210,-15957,-15704,-15451,-15198,-14945,-14692,-14439,-14186,-13933,-13680,-13427,-13174,-12921,-12668,-12415,-12162,-11909,-11656,-11403,-11150,-10897,-10644,-10391,-10138,-9885,-9632,-9379,-9126,-8873,-8620,-8367,-8114,-7861,-7608,-7355,-7102,-6849,-6596,-6343,-6090,-5837,-5584,-5331,-5078,-4825,-4572,-4319,-4066,-3813,-3560,-3307,-3054,-2801,-2548,-2295,-2042,-1789,-1536,-1283,-1030,-777,-524,-271,-18
236,489,742,995,1248,1501,1754,2007,2260,2513,2766,3019,3272,3525,3778,4031,4284,4301,4537,4790,5043,5296,5549,5802,6055,6308,6561,6814,7067,7320,7573,7826,8079,8332,8585,8838,9091,9344,9597,9850,10103,10356,10609,10862,11115,11368,11621,11874,12127,12380,12633,12886,13139,13392,13645,13898,14151,14404,14657,14910,15163,15416,15669,15922,16175,16428,16681,16934,17187,17440,17693,17946,18199,18452,18705,18958,19211,19464,19717,19970,20223,20476,20729,20982,21235,21488,21741,21994,22247,22500,22753,23006,23259,23512,23765,24018,24271,24524,24777,25030,25283,25536,25789,26042,26295,26548,26801,27054,27307,27560,27813,28066,28319,28572,28825,29078,29331,29584,29837,30090,30343,30596,30849,31102,31355,31608,31861,-31895,-31642,-31389,-31136,-30883,-30630,-30377,-30124,-29871,-29618,-29365,-29112,-28859,-28606,-28353,-28100,-27847,-27594,-27341,-27088,-26835,-26582,-26329,-26076,-25823,-25570,-25317,-25064,-24811,-24558,-24305,-24052,-23799,-23546,-23293,-23040,-22787,-22534,-22281,-22028,-21775,-21522,-21269,-21016,-20763,-20510,-20257,-20004,-19751,-19498,-19245,-18992,-18739,-18486,-18233,-17980,-17727,-17474,-17221,-16968,-16715,-16462,-16209,-15956,-15703,-15450,-15197,-14944,-14691,-14438,-14185,-13932,-13679,-13426,-13173,-12920,-12667,-12414,-12161,-11908,-11655,-11402,-11149,-10896,-10643,-10390,-10137,-9884,-9631,-9378,-9125,-8872,-8619,-8366,-8113,-7860,-7607,-7354,-7101,-6848,-6595,-6342,-6089,-5836,-5583,-5330,-5077,-4824,-4571,-4318,-4065,-3812,-3559,-3306,-3053,-2800,-2547,-2294,-2041,-1788,-1535,-1282,-1029,-776,-523,-270,-17
237,490,743,996,1249,1502,1755,2008,2261,2514,2767,3020,3273,3526,3779,4032,4048,4285,4538,4791,5044,5297,5550,5803,6056,6309,6562,6815,7068,7321,7574,7827,8080,8333,8586,8839,9092,9345,9598,9851,10104,10357,10610,10863,11116,11369,11622,11875,12128,12381,12634,12887,13140,13393,13646,13899,14152,14405,14658,14911,15164,15417,15670,15923,16176,16429,16682,16935,17188,17441,17694,17947,18200,18453,18706,18959,19212,19465,19718,19971,20224,20477,20730,20983,21236,21489,21742,21995,22248,22501,22754,23007,23260,23513,23766,24019,24272,24525,24778,25031,25284,25537,25790,26043,26296,26549,26802,27055,27308,27561,27814,28067,28320,28573,28826,29079,29332,29585,29838,30091,30344,30597,30850,31103,31356,31609,31862,-31894,-31641,-31388,-31135,-30882,-30629,-30376,-30123,-29870,-29617,-29364,-29111,-28858,-28605,-28352,-28099,-27846,-27593,-27340,-27087,-26834,-26581,-26328,-26075,-25822,-25569,-25316,-25063,-24810,-24557,-24304,-24051,-23798,-23545,-23292,-23039,-22786,-22533,-22280,-22027,-21774,-21521,-21268,-21015,-20762,-20509,-20256,-20003,-19750,-19497,-19244,-18991,-18738,-18485,-18232,-17979,-17726,-17473,-17220,-16967,-16714,-16461,-16208,-15955,-15702,-15449,-15196,-14943,-14690,-14437,-14184,-13931,-13678,-13425,-13172,-12919,-12666,-12413,-12160,-11907,-11654,-11401,-11148,-10895,-10642,-10389,-10136,-9883,-9630,-9377,-9124,-8871,-8618,-8365,-8112,-7859,-7606,-7353,-7100,-6847,-6594,-6341,-6088,-5835,-5582,-5329,-5076,-4823,-4570,-4317,-4064,-3811,-3558,-3305,-3052,-2799,-2546,-2293,-2040,-1787,-1534,-1281,-1028,-775,-522,-269,-16
238,491,744,997,1250,1503,1756,2009,2262,2515,2768,3021,3274,3527,3780,3795,4033,4286,4539,4792,5045,5298,5551,5804,6057,6310,6563,6816,7069,7322,7575,7828,8081,8334,8587,8840,9093,9346,9599,9852,10105,10358,10611,10864,11117,11370,11623,11876,12129,12382,12635,12888,13141,13394,13647,13900,14153,14406,14659,14912,15165,15418,15671,15924,16177,16430,16683,16936,17189,17442,17695,17948,18201,18454,18707,18960,19213,19466,19719,19972,20225,20478,20731,20984,21237,21490,21743,21996,22249,22502,22755,23008,23261,23514,23767,24020,24273,24526,24779,25032,25285,25538,25791,26044,26297,26550,26803,27056,27309,27562,27815,28068,28321,28574,28827,29080,29333,29586,29839,30092,30345,30598,30851,31104,31357,31610,31863,-31893,-31640,-31387,-31134,-30881,-30628,-30375,-30122,-29869,-29616,-29363,-29110,-28857,-28604,-28351,-28098,-27845,-27592,-27339,-27086,-26833,-26580,-26327,-26074,-25821,-25568,-25315,-25062,-24809,-24556,-24303,-24050,-23797,-23544,-23291,-23038,-22785,-22532,-22279,-22026,-21773,-21520,-21267,-21014,-20761,-20508,-20255,-20002,-19749,-19496,-19243,-18990,-18737,-18484,-18231,-17978,-17725,-17472,-17219,-16966,-16713,-16460,-16207,-15954,-15701,-15448,-15195,-14942,-14689,-14436,-14183,-13930,-13677,-13424,-13171,-12918,-12665,-12412,-12159,-11906,-11653,-11400,-11147,-10894,-10641,-10388,-10135,-9882,-9629,-9376,-9123,-8870,-8617,-8364,-8111,-7858,-7605,-7352,-7099,-6846,-6593,-6340,-6087,-5834,-5581,-5328,-5075,-4822,-4569,-4316,-4063,-3810,-3557,-3304,-3051,-2798,-2545,-2292,-2039,-1786,-1533,-1280,-1027,-774,-521,-268,-15
239,492,745,998,1251,1504,1757,2010,2263,2516,2769,3022,3275,3528,3542,3781,4034,4287,4540,4793,5046,5299,5552,5805,6058,6311,6564,6817,7070,7323,7576,7829,8082,8335,8588,8841,9094,9347,9600,9853,10106,10359,10612,10865,11118,11371,11624,11877,12130,12383,12636,12889,13142,13395,13648,13901,14154,14407,14660,14913,15166,15419,15672,15925,16178,16431,16684,16937,17190,17443,17696,17949,18202,18455,18708,18961,19214,19467,19720,19973,20226,20479,20732,20985,21238,21491,21744,21997,22250,22503,22756,23009,23262,23515,23768,24021,24274,24527,24780,25033,25286,25539,25792,26045,26298,26551,26804,27057,27310,27563,27816,28069,28322,28575,28828,29081,29334,29587,29840,30093,30346,30599,30852,31105,31358,31611,31864,-31892,-31639,-31386,-31133,-30880,-30627,-30374,-30121,-29868,-29615,-29362,-29109,-28856,-28603,-28350,-28097,-27844,-27591,-27338,-27085,-26832,-26579,-26326,-26073,-25820,-25567,-25314,-25061,-24808,-24555,-24302,-24049,-23796,-23543,-23290,-23037,-22784,-22531,-22278,-22025,-21772,-21519,-21266,-21013,-20760,-20507,-20254,-20001,-19748,-19495,-19242,-18989,-18736,-18483,-18230,-17977,-17724,-17471,-17218,-16965,-16712,-16459,-16206,-15953,-15700,-15447,-15194,-14941,-14688,-14435,-14182,-13929,-13676,-13423,-13170,-12917,-12664,-12411,-12158,-11905,-11652,-11399,-11146,-10893,-10640,-10387,-10134,-9881,-9628,-9375,-9122,-8869,-8616,-8363,-8110,-7857,-7604,-7351,-7098,-6845,-6592,-6339,-6086,-5833,-5580,-5327,-5074,-4821,-4568,-4315,-4062,-3809,-3556,-3303,-3050,-2797,-2544,-2291,-2038,-1785,-1532,-1279,-1026,-773,-520,-267,-14
240,493,746,999,1252,1505,1758,2011,2264,2517,2770,3023,3276,3289,3529,3782,4035,4288,4541,4794,5047,5300,5553,5806,6059,6312,6565,6818,7071,7324,7577,7830,8083,8336,8589,8842,9095,9348,9601,9854,10107,10360,10613,10866,11119,11372,11625,11878,12131,12384,12637,12890,13143,13396,13649,13902,14155,14408,14661,14914,15167,15420,15673,15926,16179,16432,16685,16938,17191,17444,17697,17950,18203,18456,18709,18962,19215,19468,19721,19974,20227,20480,20733,20986,21239,21492,21745,21998,22251,22504,22757,23010,23263,23516,23769,24022,24275,24528,24781,25034,25287,25540,25793,26046,26299,26552,26805,27058,27311,27564,27817,28070,28323,28576,28829,29082,29335,29588,29841,30094,30347,30600,30853,31106,31359,31612,31865,-31891,-31638,-31385,-31132,-30879,-30626,-30373,-30120,-29867,-29614,-29361,-29108,-28855,-28602,-28349,-28096,-27843,-27590,-27337,-27084,-26831,-26578,-26325,-26072,-25819,-25566,-25313,-25060,-24807,-24554,-24301,-24048,-23795,-23542,-23289,-23036,-22783,-22530,-22277,-22024,-21771,-21518,-21265,-21012,-20759,-20506,-20253,-20000,-19747,-19494,-19241,-18988,-18735,-18482,-18229,-17976,-17723,-17470,-17217,-16964,-16711,-16458,-16205,-15952,-15699,-15446,-15193,-14940,-14687,-14434,-14181,-13928,-13675,-13422,-13169,-12916,-12663,-12410,-12157,-11904,-11651,-11398,-11145,-10892,-10639,-10386,-10133,-9880,-9627,-9374,-9121,-8868,-8615,-8362,-8109,-7856,-7603,-7350,-7097,-6844,-6591,-6338,-6085,-5832,-5579,-5326,-5073,-4820,-4567,-4314,-4061,-3808,-3555,-3302,-3049,-2796,-2543,-2290,-2037,-1784,-1531,-1278,-1025,-772,-519,-266,-13
241,494,747,1000,1253,1506,1759,2012,2265,2518,2771,3024,3036,3277,3530,3783,4036,4289,4542,4795,5048,5301,5554,5807,6060,6313,6566,6819,7072,7325,7578,7831,8084,8337,8590,8843,9096,9349,9602,9855,10108,10361,10614,10867,11120,11373,11626,11879,12132,12385,12638,12891,13144,13397,13650,13903,14156,14409,14662,14915,15168,15421,15674,15927,16180,16433,16686,16939,17192,17445,17698,17951,18204,18457,18710,18963,19216,19469,19722,19975,20228,20481,20734,20987,21240,21493,21746,21999,22252,22505,22758,23011,23264,23517,23770,24023,24276,24529,24782,25035,25288,25541,25794,26047,26300,26553,26806,27059,27312,27565,27818,28071,28324,28577,28830,29083,29336,29589,29842,30095,30348,30601,30854,31107,31360,31613,31866,-31890,-31637,-31384,-31131,-30878,-30625,-30372,-30119,-29866,-29613,-29360,-29107,-28854,-28601,-28348,-28095,-27842,-27589,-27336,-27083,-26830,-26577,-26324,-26071,-25818,-25565,-25312,-25059,-24806,-24553,-24300,-24047,-23794,-23541,-23288,-23035,-22782,-22529,-22276,-22023,-21770,-21517,-21264,-21011,-20758,-20505,-20252,-19999,-19746,-19493,-19240,-18987,-18734,-18481,-18228,-17975,-17722,-17469,-17216,-16963,-16710,-16457,-16204,-15951,-15698,-15445,-15192,-14939,-14686,-14433,-14180,-13927,-13674,-13421,-13168,-12915,-12662,-12409,-12156,-11903,-11650,-11397,-11144,-10891,-10638,-10385,-10132,-9879,-9626,-9373,-9120,-8867,-8614,-8361,-8108,-7855,-7602,-7349,-7096,-6843,-6590,-6337,-6084,-5831,-5578,-5325,-5072,-4819,-4566,-4313,-4060,-3807,-3554,-3301,-3048,-2795,-2542,-2289,-2036,-1783,-1530,-1277,-1024,-771,-518,-265,-12
242,495,748,1001,1254,1507,1760,2013,2266,2519,2772,2783,3025,3278,3531,3784,4037,4290,4543,4796,5049,5302,5555,5808,6061,6314,6567,6820,7073,7326,7579,7832,8085,8338,8591,8844,9097,9350,9603,9856,10109,10362,10615,10868,11121,11374,11627,11880,12133,12386,12639,12892,13145,13398,13651,13904,14157,14410,14663,14916,15169,15422,15675,15928,16181,16434,16687,16940,17193,17446,17699,17952,18205,18458,18711,18964,19217,19470,19723,19976,20229,20482,20735,20988,21241,21494,21747,22000,22253,22506,22759,23012,23265,23518,23771,24024,24277,24530,24783,25036,25289,25542,25795,26048,26301,26554,26807,27060,27313,27566,27819,28072,28325,28578,28831,29084,29337,29590,29843,30096,30349,30602,30855,31108,31361,31614,31867,-31889,-31636,-31383,-31130,-30877,-30624,-30371,-30118,-29865,-29612,-29359,-29106,-28853,-28600,-28347,-28094,-27841,-27588,-27335,-27082,-26829,-26576,-26323,-26070,-25817,-25564,-25311,-25058,-24805,-24552,-24299,-24046,-23793,-23540,-23287,-23034,-22781,-22528,-22275,-22022,-21769,-21516,-21263,-21010,-20757,-20504,-20251,-19998,-19745,-19492,-19239,-18986,-18733,-18480,-18227,-17974,-17721,-17468,-17215,-16962,-16709,-16456,-16203,-15950,-15697,-15444,-15191,-14938,-14685,-14432,-14179,-13926,-13673,-13420,-13167,-12914,-12661,-12408,-12155,-11902,-11649,-11396,-11143,-10890,-10637,-10384,-10131,-9878,-9625,-9372,-9119,-8866,-8613,-8360,-8107,-7854,-7601,-7348,-7095,-6842,-6589,-6336,-6083,-5830,-5577,-5324,-5071,-4818,-4565,-4312,-4059,-3806,-3553,-3300,-3047,-2794,-2541,-2288,-2035,-1782,-1529,-1276,-1023,-770,-517,-264,-11
243,496,749,1002,1255,1508,1761,2014,2267,2520,2530,2773,3026,3279,3532,3785,4038,4291,4544,4797,5050,5303,5556,5809,6062,6315,6568,6821,7074,7327,7580,7833,8086,8339,8592,8845,9098,9351,9604,9857,10110,10363,10616,10869,11122,11375,11628,11881,12134,12387,12640,12893,13146,13399,13652,13905,14158,14411,14664,14917,15170,15423,15676,15929,16182,16435,16688,16941,17194,17447,17700,17953,18206,18459,18712,18965,19218,19471,19724,19977,20230,20483,20736,20989,21242,21495,21748,22001,22254,22507,22760,23013,23266,23519,23772,24025,24278,24531,24784,25037,25290,25543,25796,26049,26302,26555,26808,27061,27314,27567,27820,28073,28326,28579,28832,29085,29338,29591,29844,30097,30350,30603,30856,31109,31362,31615,31868,-31888,-31635,-31382,-31129,-30876,-30623,-30370,-30117,-29864,-29611,-29358,-29105,-28852,-28599,-28346,-28093,-27840,-27587,-27334,-27081,-26828,-26575,-26322,-26069,-25816,-25563,-25310,-25057,-24804,-24551,-24298,-24045,-23792,-23539,-23286,-23033,-22780,-22527,-22274,-22021,-21768,-21515,-21262,-21009,-20756,-20503,-20250,-19997,-19744,-19491,-19238,-18985,-18732,-18479,-18226,-17973,-17720,-17467,-17214,-16961,-16708,-16455,-16202,-15949,-15696,-15443,-15190,-14937,-14684,-14431,-14178,-13925,-13672,-13419,-13166,-12913,-12660,-12407,-12154,-11901,-11648,-11395,-11142,-10889,-10636,-10383,-10130,-9877,-9624,-9371,-9118,-8865,-8612,-8359,-8106,-7853,-7600,-7347,-7094,-6841,-6588,-6335,-6082,-5829,-5576,-5323,-5070,-4817,-4564,-4311,-4058,-3805,-3552,-3299,-3046,-2793,-2540,-2287,-2034,-1781,-1528,-1275,-1022,-769,-516,-263,-10
244,497,750,1003,1256,1509,1762,2015,2268,2277,2521,2774,3027,3280,3533,3786,4039,4292,4545,4798,5051,5304,5557,5810,6063,6316,6569,6822,7075,7328,7581,7834,8087,8340,8593,8846,9099,9352,9605,9858,10111,10364,10617,10870,11123,11376,11629,11882,12135,12388,12641,12894,13147,13400,13653,13906,14159,14412,14665,14918,15171,15424,15677,15930,16183,16436,16689,16942,17195,17448,17701,17954,18207,18460,18713,18966,19219,19472,19725,19978,20231,20484,20737,20990,21243,21496,21749,22002,22255,22508,22761,23014,23267,23520,23773,24026,24279,24532,24785,25038,25291,25544,25797,26050,26303,26556,26809,27062,27315,27568,27821,28074,28327,28580,28833,29086,29339,29592,29845,30098,30351,30604,30857,31110,31363,31616,31869,-31887,-31634,-31381,-31128,-30875,-30622,-30369,-30116,-29863,-29610,-29357,-29104,-28851,-28598,-28345,-28092,-27839,-27586,-27333,-27080,-26827,-26574,-26321,-26068,-25815,-25562,-25309,-25056,-24803,-24550,-24297,-24044,-23791,-23538,-23285,-23032,-22779,-22526,-22273,-22020,-21767,-21514,-21261,-21008,-20755,-20502,-20249,-19996,-19743,-19490,-19237,-18984,-18731,-18478,-18225,-17972,-17719,-17466,-17213,-16960,-16707,-16454,-16201,-15948,-15695,-15442,-15189,-14936,-14683,-14430,-14177,-13924,-13671,-13418,-13165,-12912,-12659,-12406,-12153,-11900,-11647,-11394,-11141,-10888,-10635,-10382,-10129,-9876,-9623,-9370,-9117,-8864,-8611,-8358,-8105,-7852,-7599,-7346,-7093,-6840,-6587,-6334,-6081,-5828,-5575,-5322,-5069,-4816,-4563,-4310,-4057,-3804,-3551,-3298,-3045,-2792,-2539,-2286,-2033,-1780,-1527,-1274,-1021,-768,-515,-262,-9
245,498,751,1004,1257,1510,1763,2016,2024,2269,2522,2775,3028,3281,3534,3787,4040,4293,4546,4799,5052,5305,5558,5811,6064,6317,6570,6823,7076,7329,7582,7835,8088,8341,8594,8847,9100,9353,9606,9859,10112,10365,10618,10871,11124,11377,11630,11883,12136,12389,12642,12895,13148,13401,13654,13907,14160,14413,14666,14919,15172,15425,15678,15931,16184,16437,16690,16943,17196,17449,17702,17955,18208,18461,18714,18967,19220,19473,19726,19979,20232,20485,20738,20991,21244,21497,21750,22003,22256,22509,22762,23015,23268,23521,23774,24027,24280,24533,24786,25039,25292,25545,25798,26051,26304,26557,26810,27063,27316,27569,27822,28075,28328,28581,28834,29087,29340,29593,29846,30099,30352,30605,30858,31111,31364,31617,31870,-31886,-31633,-31380,-31127,-30874,-30621,-30368,-30115,-29862,-29609,-29356,-29103,-28850,-28597,-28344,-28091,-27838,-27585,-27332,-27079,-26826,-26573,-26320,-26067,-25814,-25561,-25308,-25055,-24802,-24549,-24296,-24043,-23790,-23537,-23284,-23031,-22778,-22525,-22272,-22019,-21766,-21513,-21260,-21007,-20754,-20501,-20248,-19995,-19742,-19489,-19236,-18983,-18730,-18477,-18224,-17971,-17718,-17465,-17212,-16959,-16706,-16453,-16200,-15947,-15694,-15441,-15188,-14935,-14682,-14429,-14176,-13923,-13670,-13417,-13164,-12911,-12658,-12405,-12152,-11899,-11646,-11393,-11140,-10887,-10634,-10381,-10128,-9875,-9622,-9369,-9116,-8863,-8610,-8357,-8104,-7851,-7598,-7345,-7092,-6839,-6586,-6333,-6080,-5827,-5574,-5321,-5068,-4815,-4562,-4309,-4056,-3803,-3550,-3297,-3044,-2791,-2538,-2285,-2032,-1779,-1526,-1273,-1020,-767,-514,-261,-8
246,499,752,1005,1258,1511,1764,1771,2017,2270,2523,2776,3029,3282,3535,3788,4041,4294,4547,4800,5053,5306,5559,5812,6065,6318,6571,6824,7077,7330,7583,7836,8089,8342,8595,8848,9101,9354,9607,9860,10113,10366,10619,10872,11125,11378,11631,11884,12137,12390,12643,12896,13149,13402,13655,13908,14161,14414,14667,14920,15173,15426,15679,15932,16185,16438,16691,16944,17197,17450,17703,17956,18209,18462,18715,18968,19221,19474,19727,19980,20233,20486,20739,20992,21245,21498,21751,22004,22257,22510,22763,23016,23269,23522,23775,24028,24281,24534,24787,25040,25293,25546,25799,26052,26305,26558,26811,27064,27317,27570,27823,28076,28329,28582,28835,29088,29341,29594,29847,30100,30353,30606,30859,31112,31365,31618,31871,-31885,-31632,-31379,-31126,-30873,-30620,-30367,-30114,-29861,-29608,-29355,-29102,-28849,-28596,-28343,-28090,-27837,-27584,-27331,-27078,-26825,-26572,-26319,-26066,-25813,-25560,-25307,-25054,-24801,-24548,-24295,-24042,-23789,-23536,-23283,-23030,-22777,-22524,-22271,-22018,-21765,-21512,-21259,-21006,-20753,-20500,-20247,-19994,-19741,-19488,-19235,-18982,-18729,-18476,-18223,-17970,-17717,-17464,-17211,-16958,-16705,-16452,-16199,-15946,-15693,-15440,-15187,-14934,-14681,-14428,-14175,-13922,-13669,-13416,-13163,-12910,-12657,-12404,-12151,-11898,-11645,-11392,-11139,-10886,-10633,-10380,-10127,-9874,-9621,-9368,-9115,-8862,-8609,-8356,-8103,-7850,-7597,-7344,-7091,-6838,-6585,-6332,-6079,-5826,-5573,-5320,-5067,-4814,-4561,-4308,-4055,-3802,-3549,-3296,-3043,-2790,-2537,-2284,-2031,-1778,-1525,-1272,-1019,-766,-513,-260,-7
247,500,753,1006,1259,1512,1518,1765,2018,2271,2524,2777,3030,3283,3536,3789,4042,4295,4548,4801,5054,5307,5560,5813,6066,6319,6572,6825,7078,7331,7584,7837,8090,8343,8596,8849,9102,9355,9608,9861,10114,10367,10620,10873,11126,11379,11632,11885,12138,12391,12644,12897,13150,13403,13656,13909,14162,14415,14668,14921,15174,15427,15680,15933,16186,16439,16692,16945,17198,17451,17704,17957,18210,18463,18716,18969,19222,19475,19728,19981,20234,20487,20740,20993,21246,21499,21752,22005,22258,22511,22764,23017,23270,23523,23776,24029,24282,24535,24788,25041,25294,25547,25800,26053,26306,26559,26812,27065,27318,27571,27824,28077,28330,28583,28836,29089,29342,29595,29848,30101,30354,30607,30860,31113,31366,31619,31872,-31884,-31631,-31378,-31125,-30872,-30619,-30366,-30113,-29860,-29607,-29354,-29101,-28848,-28595,-28342,-28089,-27836,-27583,-27330,-27077,-26824,-26571,-26318,-26065,-25812,-25559,-25306,-25053,-24800,-24547,-24294,-24041,-23788,-23535,-23282,-23029,-22776,-22523,-22270,-22017,-21764,-21511,-21258,-21005,-20752,-20499,-20246,-19993,-19740,-19487,-19234,-18981,-18728,-18475,-18222,-17969,-17716,-17463,-17210,-16957,-16704,-16451,-16198,-15945,-15692,-15439,-15186,-14933,-14680,-14427,-14174,-13921,-13668,-13415,-13162,-12909,-12656,-12403,-12150,-11897,-11644,-11391,-11138,-10885,-10632,-10379,-10126,-9873,-9620,-9367,-9114,-8861,-8608,-8355,-8102,-7849,-7596,-7343,-7090,-6837,-6584,-6331,-6078,-5825,-5572,-5319,-5066,-4813,-4560,-4307,-4054,-3801,-3548,-3295,-3042,-2789,-2536,-2283,-2030,-1777,-1524,-1271,-1018,-765,-512,-259,-6
248,501,754,1007,1260,1265,1513,1766,2019,2272,2525,2778,3031,3284,3537,3790,4043,4296,4549,4802,5055,5308,5561,5814,6067,6320,6573,6826,7079,7332,7585,7838,8091,8344,8597,8850,9103,9356,9609,9862,10115,10368,10621,10874,11127,11380,11633,11886,12139,12392,12645,12898,13151,13404,13657,13910,14163,14416,14669,14922,15175,15428,15681,15934,16187,16440,16693,16946,17199,17452,17705,17958,18211,18464,18717,18970,19223,19476,19729,19982,20235,20488,20741,20994,21247,21500,21753,22006,22259,22512,22765,23018,23271,23524,23777,24030,24283,24536,24789,25042,25295,25548,25801,26054,26307,26560,26813,27066,27319,27572,27825,28078,28331,28584,28837,29090,29343,29596,29849,30102,30355,30608,30861,31114,31367,31620,31873,-31883,-31630,-31377,-31124,-30871,-30618,-30365,-30112,-29859,-29606,-29353,-29100,-28847,-28594,-28341,-28088,-27835,-27582,-27329,-27076,-26823,-26570,-26317,-26064,-25811,-25558,-25305,-25052,-24799,-24546,-24293,-24040,-23787,-23534,-23281,-23028,-22775,-22522,-22269,-22016,-21763,-21510,-21257,-21004,-20751,-20498,-20245,-19992,-19739,-19486,-19233,-18980,-18727,-18474,-18221,-17968,-17715,-17462,-17209,-16956,-16703,-16450,-16197,-15944,-15691,-15438,-15185,-14932,-14679,-14426,-14173,-13920,-13667,-13414,-13161,-12908,-12655,-12402,-12149,-11896,-11643,-11390,-11137,-10884,-10631,-10378,-10125,-9872,-9619,-9366,-9113,-8860,-8607,-8354,-8101,-7848,-7595,-7342,-7089,-6836,-6583,-6330,-6077,-5824,-5571,-5318,-5065,-4812,-4559,-4306,-4053,-3800,-3547,-3294,-3041,-2788,-2535,-2282,-2029,-1776,-1523,-1270,-1017,-764,-511,-258,-5
249,502,755,1008,1012,1261,1514,1767,2020,2273,2526,2779,3032,3285,3538,3791,4044,4297,4550,4803,5056,5309,5562,5815,6068,6321,6574,6827,7080,7333,7586,7839,8092,8345,8598,8851,9104,9357,9610,9863,10116,10369,10622,10875,11128,11381,11634,11887,12140,12393,12646,12899,13152,13405,13658,13911,14164,14417,14670,14923,15176,15429,15682,15935,16188,16441,16694,16947,17200,17453,17706,17959,18212,18465,18718,18971,19224,19477,19730,19983,20236,20489,20742,20995,21248,21501,21754,22007,22260,22513,22766,23019,23272,23525,23778,24031,24284,24537,24790,25043,25296,25549,25802,26055,26308,26561,26814,27067,27320,27573,27826,28079,28332,28585,28838,29091,29344,29597,29850,30103,30356,30609,30862,31115,31368,31621,31874,-31882,-31629,-31376,-31123,-30870,-30617,-30364,-30111,-29858,-29605,-29352,-29099,-28846,-28593,-28340,-28087,-27834,-27581,-27328,-27075,-26822,-26569,-26316,-26063,-25810,-25557,-25304,-25051,-24798,-24545,-24292,-24039,-23786,-23533,-23280,-23027,-22774,-22521,-22268,-22015,-21762,-21509,-21256,-21003,-20750,-20497,-20244,-19991,-19738,-19485,-19232,-18979,-18726,-18473,-18220,-17967,-17714,-17461,-17208,-16955,-16702,-16449,-16196,-15943,-15690,-15437,-15184,-14931,-14678,-14425,-14172,-13919,-13666,-13413,-13160,-12907,-12654,-12401,-12148,-11895,-11642,-11389,-11136,-10883,-10630,-10377,-10124,-9871,-9618,-9365,-9112,-8859,-8606,-8353,-8100,-7847,-7594,-7341,-7088,-6835,-6582,-6329,-6076,-5823,-5570,-5317,-5064,-4811,-4558,-4305,-4052,-3799,-3546,-3293,-3040,-2787,-2534,-2281,-2028,-1775,-1522,-1269,-1016,-763,-510,-257,-4
250,503,756,759,1009,1262,1515,1768,2021,2274,2527,2780,3033,3286,3539,3792,4045,4298,4551,4804,5057,5310,5563,5816,6069,6322,6575,6828,7081,7334,7587,7840,8093,8346,8599,8852,9105,9358,9611,9864,10117,10370,10623,10876,11129,11382,11635,11888,12141,12394,12647,12900,13153,13406,13659,13912,14165,14418,14671,14924,15177,15430,15683,15936,16189,16442,16695,16948,17201,17454,17707,17960,18213,18466,18719,18972,19225,19478,19731,19984,20237,20490,20743,20996,21249,21502,21755,22008,22261,22514,22767,23020,23273,23526,23779,24032,24285,24538,24791,25044,25297,25550,25803,26056,26309,26562,26815,27068,27321,27574,27827,28080,28333,28586,28839,29092,29345,29598,29851,30104,30357,30610,30863,31116,31369,31622,31875,-31881,-31628,-31375,-31122,-30869,-30616,-30363,-30110,-29857,-29604,-29351,-29098,-28845,-28592,-28339,-28086,-27833,-27580,-27327,-27074,-26821,-26568,-26315,-26062,-25809,-25556,-25303,-25050,-24797,-24544,-24291,-24038,-23785,-23532,-23279,-23026,-22773,-22520,-22267,-22014,-21761,-21508,-21255,-21002,-20749,-20496,-20243,-19990,-19737,-19484,-19231,-18978,-18725,-18472,-18219,-17966,-17713,-17460,-17207,-16954,-16701,-16448,-16195,-15942,-15689,-15436,-15183,-14930,-14677,-14424,-14171,-13918,-13665,-13412,-13159,-12906,-12653,-12400,-12147,-11894,-11641,-11388,-11135,-10882,-10629,-10376,-10123,-9870,-9617,-9364,-9111,-8858,-8605,-8352,-8099,-7846,-7593,-7340,-7087,-6834,-6581,-6328,-6075,-5822,-5569,-5316,-5063,-4810,-4557,-4304,-4051,-3798,-3545,-3292,-3039,-2786,-2533,-2280,-2027,-1774,-1521,-1268,-1015,-762,-509,-256,-3
251,504,506,757,1010,1263,1516,1769,2022,2275,2528,2781,3034,3287,3540,3793,4046,4299,4552,4805,5058,5311,5564,5817,6070,6323,6576,6829,7082,7335,7588,7841,8094,8347,8600,8853,9106,9359,9612,9865,10118,10371,10624,10877,11130,11383,11636,11889,12142,12395,12648,12901,13154,13407,13660,13913,14166,14419,14672,14925,15178,15431,15684,15937,16190,16443,16696,16949,17202,17455,17708,17961,18214,18467,18720,18973,19226,19479,19732,19985,20238,20491,20744,20997,21250,21503,21756,22009,22262,22515,22768,23021,23274,23527,23780,24033,24286,24539,24792,25045,25298,25551,25804,26057,26310,26563,26816,27069,27322,27575,27828,28081,28334,28587,28840,29093,29346,29599,29852,30105,30358,30611,30864,31117,31370,31623,31876,-31880,-31627,-31374,-31121,-30868,-30615,-30362,-30109,-29856,-29603,-29350,-29097,-28844,-28591,-28338,-28085,-27832,-27579,-27326,-27073,-26820,-26567,-26314,-26061,-25808,-25555,-25302,-25049,-24796,-24543,-24290,-24037,-23784,-23531,-23278,-23025,-22772,-22519,-22266,-22013,-21760,-21507,-21254,-21001,-20748,-20495,-20242,-19989,-19736,-19483,-19230,-18977,-18724,-18471,-18218,-17965,-17712,-17459,-17206,-16953,-16700,-16447,-16194,-15941,-15688,-15435,-15182,-14929,-14676,-14423,-14170,-13917,-13664,-13411,-13158,-12905,-12652,-12399,-12146,-11893,-11640,-11387,-11134,-10881,-10628,-10375,-10122,-9869,-9616,-9363,-9110,-8857,-8604,-8351,-8098,-7845,-7592,-7339,-7086,-6833,-6580,-6327,-6074,-5821,-5568,-5315,-5062,-4809,-4556,-4303,-4050,-3797,-3544,-3291,-3038,-2785,-2532,-2279,-2026,-1773,-1520,-1267,-1014,-761,-508,-255,-2
252,253,505,758,1011,1264,1517,1770,2023,2276,2529,2782,3035,3288,3541,3794,4047,4300,4553,4806,5059,5312,5565,5818,6071,6324,6577,6830,7083,7336,7589,7842,8095,8348,8601,8854,9107,9360,9613,9866,10119,10372,10625,10878,11131,11384,11637,11890,12143,12396,12649,12902,13155,13408,13661,13914,14167,14420,14673,14926,15179,15432,15685,15938,16191,16444,16697,16950,17203,17456,17709,17962,18215,18468,18721,18974,19227,19480,19733,19986,20239,20492,20745,20998,21251,21504,21757,22010,22263,22516,22769,23022,23275,23528,23781,24034,24287,24540,24793,25046,25299,25552,25805,26058,26311,26564,26817,27070,27323,27576,27829,28082,28335,28588,28841,29094,29347,29600,29853,30106,30359,30612,30865,31118,31371,31624,31877,-31879,-31626,-31373,-31120,-30867,-30614,-30361,-30108,-29855,-29602,-29349,-29096,-28843,-28590,-28337,-28084,-27831,-27578,-27325,-27072,-26819,-26566,-26313,-26060,-25807,-25554,-25301,-25048,-24795,-24542,-24289,-24036,-23783,-23530,-23277,-23024,-22771,-22518,-22265,-22012,-21759,-21506,-21253,-21000,-20747,-20494,-20241,-19988,-19735,-19482,-19229,-18976,-18723,-18470,-18217,-17964,-17711,-17458,-17205,-16952,-16699,-16446,-16193,-15940,-15687,-15434,-15181,-14928,-14675,-14422,-14169,-13916,-13663,-13410,-13157,-12904,-12651,-12398,-12145,-11892,-11639,-11386,-11133,-10880,-10627,-10374,-10121,-9868,-9615,-9362,-9109,-8856,-8603,-8350,-8097,-7844,-7591,-7338,-7085,-6832,-6579,-6326,-6073,-5820,-5567,-5314,-5061,-4808,-4555,-4302,-4049,-3796,-3543,-3290,-3037,-2784,-2531,-2278,-2025,-1772,-1519,-1266,-1013,-760,-507,-254,-1
